1 0.295022 0.487332 0.550713 0.512967 0.250197
1 0.295022 0.487332 0.550713 0.512967 0.250197
1 0.28851 0.484463 0.489353 0.508064 0.336015
1 0.28851 0.484463 0.489353 0.508064 0.336015
1 0.329443 0.463514 0.505083 0.462701 0.158088
1 0.322428 0.457273 0.508937 0.453363 0.290775
1 0.322428 0.457273 0.508937 0.453363 0.290775
1 0.299607 0.463817 0.505044 0.472328 0.416744
1 0.299607 0.463817 0.505044 0.472328 0.416744
2 0.164224 0.540246 0.32827 0.544655 0.270652
2 0.164224 0.540246 0.32827 0.544655 0.270652
2 0.157863 0.651492 0.315312 0.517959 0.119236
2 0.239592 0.70894 0.475116 0.572111 0.165807
2 0.288921 0.448411 0.558017 0.436558 0.292363
2 0.288921 0.448411 0.558017 0.436558 0.292363
2 0.299142 0.455439 0.576011 0.406886 0.119848
1 0.309933 0.448978 0.60482 0.395697 0.123594
1 0.788822 0.46231 0.420629 0.383825 0.174902
1 0.79164 0.431725 0.405848 0.381551 0.500144
1 0.79164 0.431725 0.405848 0.381551 0.500144
1 0.783451 0.419388 0.418009 0.38022 0.277595
1 0.783451 0.419388 0.418009 0.38022 0.277595
1 0.783799 0.4203 0.420604 0.375289 0.261424
1 0.783799 0.4203 0.420604 0.375289 0.261424
1 0.784712 0.418944 0.417645 0.360414 0.236756
1 0.293967 0.451411 0.549022 0.448611 0.185492
2 0.240453 0.612554 0.474073 0.774893 0.507595
2 0.240453 0.612554 0.474073 0.774893 0.507595
1 0.294606 0.490316 0.566507 0.510231 0.163718
1 0.769472 0.410246 0.456803 0.446365 0.117837
2 0.592467 0.289106 0.815066 0.490195 0.104302
2 0.633415 0.257738 0.733169 0.454934 0.137307
1 0.743215 0.299465 0.504749 0.445788 0.103091
3 0.29626 0.317909 0.526559 0.415004 0.27443
4 0.295798 0.305747 0.541471 0.38856 0.154994
3 0.29626 0.317909 0.526559 0.415004 0.27443
4 0.284966 0.309962 0.566692 0.439335 0.102373
2 0.69015 0.392696 0.612686 0.553463 0.483747
2 0.791743 0.409882 0.401672 0.51493 0.142915
2 0.559376 0.358852 0.881247 0.612355 0.130016
2 0.69015 0.392696 0.612686 0.553463 0.483747
2 0.686948 0.384026 0.625536 0.57289 0.685833
2 0.596478 0.358468 0.807045 0.628289 0.192999
2 0.793786 0.407926 0.411218 0.517321 0.162523
2 0.686948 0.384026 0.625536 0.57289 0.685833 1
2 0.710445 0.343645 0.579109 0.582735 0.802678 1
2 0.704675 0.329252 0.582159 0.625329 0.594127 1
2 0.750745 0.312902 0.493188 0.616929 0.930813 1
2 0.755548 0.322707 0.48012 0.642074 0.887674 1
2 0.78085 0.335119 0.428691 0.650893 0.955935 1
2 0.781269 0.329013 0.427044 0.650932 0.945021 1
2 0.754048 0.348992 0.465293 0.668463 0.921514 1
2 0.756595 0.338333 0.470393 0.671974 0.85483 1
2 0.718608 0.330263 0.554302 0.647588 0.850913 1
2 0.715546 0.32869 0.561232 0.653467 0.632564 1
2 0.693303 0.325323 0.602772 0.605823 0.896881 1
2 0.692601 0.324062 0.610657 0.622199 0.816468 1
2 0.680189 0.33994 0.62516 0.596119 0.852023 1
2 0.678393 0.331271 0.635303 0.6265 0.611774 1
2 0.666275 0.417781 0.620769 0.583195 0.280377 1
