0 0.474526 0.141854 0.949053 0.275517 0.106892
1 0.321947 0.476608 0.57505 0.462178 0.481286
1 0.321947 0.476608 0.57505 0.462178 0.481286
1 0.316943 0.460598 0.570611 0.469639 0.700231
1 0.316943 0.460598 0.570611 0.469639 0.700231 1
1 0.310716 0.452779 0.555424 0.464912 0.626061 1
1 0.316694 0.443457 0.586215 0.421645 0.283245 1
1 0.34064 0.370445 0.529093 0.444918 0.106865 1
1 0.354215 0.378138 0.521609 0.499313 0.269432 1
1 0.298089 0.513269 0.572819 0.500515 0.151707
1 0.322329 0.461492 0.572034 0.472787 0.636386 1
1 0.309008 0.4629 0.578042 0.391749 0.298808 1
1 0.302484 0.476419 0.568952 0.44844 0.579959 1
4 0.762357 0.105151 0.248601 0.18057 0.646775
1 0.302459 0.488413 0.55656 0.483327 0.561073 1
4 0.76258 0.106034 0.248625 0.18103 0.54636
1 0.314063 0.4923 0.578949 0.493089 0.345673
1 0.314063 0.4923 0.578949 0.493089 0.345673
1 0.317005 0.487205 0.580469 0.477865 0.403833
1 0.317005 0.487205 0.580469 0.477865 0.403833
1 0.317397 0.481855 0.579753 0.476369 0.21377
