3 0.49513 0.5448 0.368606 0.908813 0.522918
3 0.47923 0.544183 0.383812 0.89867 0.399098
3 0.47923 0.544183 0.383812 0.89867 0.399098
3 0.482885 0.551034 0.361754 0.893365 0.115516
3 0.481239 0.552273 0.360231 0.881299 0.175537
3 0.474071 0.545786 0.378288 0.891875 0.484311
3 0.474071 0.545786 0.378288 0.891875 0.484311
3 0.473161 0.547041 0.365501 0.892438 0.271948
3 0.562854 0.581497 0.558478 0.815304 0.124443
3 0.473161 0.547041 0.365501 0.892438 0.271948
3 0.518512 0.564224 0.331164 0.857232 0.524142
3 0.623085 0.591304 0.542774 0.788249 0.511931
3 0.518512 0.564224 0.331164 0.857232 0.524142
3 0.623085 0.591304 0.542774 0.788249 0.511931
3 0.517457 0.564733 0.348427 0.858344 0.449468
3 0.639533 0.569993 0.593445 0.828038 0.329524
3 0.517457 0.564733 0.348427 0.858344 0.449468
3 0.639533 0.569993 0.593445 0.828038 0.329524
3 0.513668 0.563763 0.33825 0.850824 0.487191
3 0.605321 0.570877 0.521948 0.822333 0.422267
3 0.513668 0.563763 0.33825 0.850824 0.487191
3 0.605321 0.570877 0.521948 0.822333 0.422267
3 0.516279 0.562249 0.330233 0.850826 0.466447
3 0.59904 0.571094 0.502334 0.828707 0.324921
3 0.516279 0.562249 0.330233 0.850826 0.466447
3 0.59904 0.571094 0.502334 0.828707 0.324921
4 0.299766 0.88943 0.250673 0.221141 0.442322
3 0.412081 0.891513 0.500645 0.216849 0.421088
3 0.660744 0.617021 0.589083 0.667398 0.283324
3 0.529295 0.632314 0.325934 0.684635 0.217935
4 0.299766 0.88943 0.250673 0.221141 0.442322
3 0.412081 0.891513 0.500645 0.216849 0.421088
3 0.660744 0.617021 0.589083 0.667398 0.283324
3 0.521641 0.606217 0.34108 0.757425 0.387694
3 0.622777 0.635573 0.554497 0.70318 0.279037
3 0.521641 0.606217 0.34108 0.757425 0.387694
3 0.622777 0.635573 0.554497 0.70318 0.279037
3 0.525283 0.571388 0.340845 0.837352 0.339812
3 0.656504 0.577951 0.629257 0.831535 0.148396
3 0.525283 0.571388 0.340845 0.837352 0.339812
3 0.528928 0.57028 0.329164 0.842491 0.422688
3 0.624153 0.575206 0.520347 0.838887 0.291079
3 0.528928 0.57028 0.329164 0.842491 0.422688
3 0.624153 0.575206 0.520347 0.838887 0.291079
3 0.516327 0.567153 0.328629 0.837001 0.560381
3 0.629442 0.572801 0.573455 0.836299 0.41274
3 0.516327 0.567153 0.328629 0.837001 0.560381
3 0.629442 0.572801 0.573455 0.836299 0.41274
3 0.511233 0.567435 0.337689 0.802684 0.379526
3 0.511233 0.567435 0.337689 0.802684 0.379526
3 0.616188 0.589338 0.54797 0.816804 0.222862
3 0.512436 0.568759 0.327192 0.851481 0.202141
3 0.516558 0.572687 0.328776 0.836775 0.525089
3 0.578359 0.611239 0.457951 0.740654 0.176183
3 0.516558 0.572687 0.328776 0.836775 0.525089
3 0.640998 0.612967 0.572868 0.75496 0.405992
3 0.520021 0.577724 0.326415 0.822762 0.363233
3 0.270892 0.89342 0.530472 0.213159 0.120613
3 0.640998 0.612967 0.572868 0.75496 0.405992
3 0.520021 0.577724 0.326415 0.822762 0.363233
3 0.27569 0.891749 0.536691 0.215758 0.48264
3 0.5168 0.567761 0.344252 0.843584 0.45734
3 0.579965 0.572138 0.489537 0.835781 0.275333
3 0.27569 0.891749 0.536691 0.215758 0.48264
3 0.5168 0.567761 0.344252 0.843584 0.45734
3 0.579965 0.572138 0.489537 0.835781 0.275333
3 0.521159 0.567977 0.342749 0.84719 0.476255
3 0.284174 0.891792 0.530182 0.215581 0.4518
3 0.612197 0.571386 0.536286 0.843331 0.270198
3 0.521159 0.567977 0.342749 0.84719 0.476255
3 0.284174 0.891792 0.530182 0.215581 0.4518
3 0.612197 0.571386 0.536286 0.843331 0.270198
3 0.350931 0.892579 0.409184 0.214843 0.393749
3 0.513049 0.567412 0.346685 0.842794 0.284303
3 0.636341 0.574263 0.658834 0.8298 0.211405
3 0.350931 0.892579 0.409184 0.214843 0.393749
3 0.513049 0.567412 0.346685 0.842794 0.284303
3 0.303776 0.890468 0.489338 0.218282 0.478182
3 0.520096 0.56296 0.335209 0.834427 0.213385
3 0.632908 0.575649 0.646307 0.815184 0.107684
3 0.303776 0.890468 0.489338 0.218282 0.478182
3 0.280427 0.891747 0.539784 0.216029 0.314103
3 0.519945 0.567918 0.33884 0.841881 0.290992
3 0.656042 0.589164 0.623528 0.787456 0.226896
3 0.280427 0.891747 0.539784 0.216029 0.314103
3 0.519945 0.567918 0.33884 0.841881 0.290992
3 0.519279 0.567793 0.334335 0.848669 0.64222
3 0.652859 0.575927 0.617759 0.843354 0.470532
3 0.519279 0.567793 0.334335 0.848669 0.64222 1
3 0.521809 0.565334 0.330567 0.841218 0.455605 1
3 0.523635 0.564437 0.332334 0.847446 0.629708 1
3 0.523838 0.584738 0.333243 0.810179 0.509538 1
3 0.179933 0.73699 0.354808 0.510799 0.633126 2
3 0.527079 0.573481 0.324135 0.832203 0.593133 1
3 0.203035 0.727718 0.306076 0.541359 0.717057 2
3 0.527703 0.572531 0.321953 0.825507 0.651085 1
3 0.182214 0.718356 0.340431 0.563216 0.671564 2
3 0.530334 0.61627 0.317035 0.740889 0.27453 1
3 0.186729 0.704931 0.322509 0.584983 0.626012 2
3 0.530076 0.586042 0.323347 0.801516 0.606167 1
3 0.180857 0.703187 0.334369 0.593626 0.437715 2
3 0.526882 0.576132 0.331216 0.823486 0.504192 1
3 0.174853 0.702377 0.344807 0.593233 0.771497 2
3 0.526567 0.571867 0.332962 0.832007 0.572919 1
3 0.173371 0.702929 0.346386 0.590002 0.777841 2
3 0.527828 0.611648 0.330399 0.747928 0.411081 1
3 0.171768 0.709953 0.343536 0.580093 0.668014 2
3 0.523194 0.580477 0.332851 0.812076 0.353924 1
3 0.524118 0.575843 0.333785 0.829962 0.154755 1
3 0.504297 0.555818 0.350487 0.857798 0.122949 1
3 0.489877 0.556382 0.357351 0.867902 0.261047 1
3 0.494416 0.553179 0.344414 0.881765 0.246095 1
3 0.486744 0.549509 0.347394 0.883642 0.144365 1
3 0.48375 0.553033 0.351352 0.883293 0.186255 1
3 0.491948 0.555842 0.350739 0.882574 0.219839 1
3 0.482 0.555363 0.361686 0.874704 0.153721 1
3 0.474879 0.559538 0.355397 0.87201 0.453727 1
3 0.492537 0.558529 0.335577 0.8733 0.499373 1
3 0.497568 0.559479 0.338559 0.875596 0.483668 1
3 0.498733 0.556793 0.350719 0.886414 0.409442 1
3 0.491367 0.555185 0.356018 0.883711 0.590754 1
3 0.494973 0.43612 0.333987 0.629324 0.439626 1
3 0.495792 0.522931 0.340229 0.815401 0.491154 1
3 0.500769 0.544712 0.333501 0.857482 0.341577 1
3 0.506026 0.55245 0.340846 0.879108 0.175504 1
3 0.515961 0.574913 0.339353 0.850174 0.384743 1
3 0.50486 0.562035 0.348645 0.870814 0.243385 1
3 0.492334 0.560543 0.342818 0.874833 0.443676 1
3 0.489283 0.558 0.341555 0.884 0.282613 1
3 0.490348 0.554124 0.336336 0.884872 0.317047 1
3 0.489922 0.553606 0.352993 0.884468 0.363306 1
3 0.49314 0.435715 0.334269 0.631459 0.321445 1
3 0.496744 0.525766 0.337887 0.807678 0.355854 1
3 0.498948 0.541491 0.342754 0.856448 0.418654 1
3 0.494276 0.549375 0.345479 0.8771 0.298653 1
3 0.492435 0.553466 0.343717 0.881902 0.536182 1
3 0.486606 0.557423 0.349719 0.874776 0.451185 1
3 0.484675 0.557774 0.357525 0.880857 0.357667 1
3 0.484613 0.558997 0.360891 0.882006 0.254632 1
3 0.480082 0.554684 0.36078 0.890631 0.442495 1
3 0.48227 0.554116 0.362667 0.891768 0.416337 1
3 0.48234 0.554575 0.361271 0.89085 0.351664 1
3 0.4787 0.598598 0.36109 0.801118 0.122926 1
3 0.476358 0.563836 0.370937 0.872328 0.241243 1
3 0.479308 0.550448 0.385191 0.899105 0.489882 1
3 0.486326 0.547767 0.383274 0.904466 0.387469 1
3 0.489753 0.427085 0.364376 0.647042 0.281931 1
3 0.481412 0.51119 0.377979 0.833983 0.282111 1
3 0.481863 0.530651 0.380816 0.88266 0.426732 1
3 0.482253 0.536187 0.385156 0.904186 0.473747 1
3 0.485995 0.425445 0.34237 0.396473 0.51231
3 0.477915 0.539759 0.374887 0.908565 0.460241
3 0.551284 0.564437 0.530131 0.850863 0.189181
3 0.477915 0.539759 0.374887 0.908565 0.460241
3 0.475781 0.540991 0.385801 0.907606 0.225164
3 0.523376 0.607385 0.489124 0.75079 0.126258
3 0.47778 0.543609 0.398812 0.909219 0.255511
3 0.47778 0.543609 0.398812 0.909219 0.255511
3 0.493272 0.5503 0.378173 0.8994 0.397463
3 0.493272 0.5503 0.378173 0.8994 0.397463
3 0.48752 0.546929 0.385926 0.901855 0.54974 1
3 0.49116 0.546098 0.377442 0.907805 0.207608 1
3 0.493067 0.547252 0.384144 0.905497 0.385179 1
3 0.493751 0.54824 0.389282 0.903519 0.246509 1
3 0.499411 0.543741 0.379851 0.912517 0.133979 1
3 0.494783 0.543539 0.373143 0.894158 0.218765 1
3 0.485822 0.541791 0.378052 0.893356 0.441195 1
3 0.484319 0.541193 0.351929 0.868529 0.171898 1
3 0.478495 0.550757 0.357969 0.875699 0.253625 1
3 0.480609 0.555184 0.356144 0.873662 0.216765 1
3 0.478788 0.556954 0.359634 0.875178 0.366789 1
3 0.479579 0.558922 0.357658 0.873098 0.361129 1
3 0.491826 0.379518 0.319308 0.483721 0.330272
3 0.479949 0.55455 0.353359 0.877618 0.414428
3 0.479949 0.55455 0.353359 0.877618 0.414428
3 0.478951 0.561548 0.354625 0.873611 0.557922 1
3 0.480919 0.559241 0.352651 0.874849 0.450235 1
3 0.481477 0.555703 0.353329 0.881837 0.308383 1
3 0.490064 0.435352 0.329277 0.627422 0.317205 1
3 0.485975 0.520035 0.338561 0.818765 0.34244 1
3 0.496445 0.399327 0.306007 0.445222 0.285236
3 0.481455 0.556327 0.364372 0.877813 0.45474
3 0.548018 0.55574 0.510242 0.843825 0.12212
3 0.481455 0.556327 0.364372 0.877813 0.45474
3 0.480733 0.552112 0.359586 0.884777 0.492688
3 0.631144 0.554054 0.675827 0.876448 0.111578
3 0.480733 0.552112 0.359586 0.884777 0.492688
3 0.483635 0.552135 0.346649 0.881537 0.448737
3 0.625192 0.567739 0.641452 0.838075 0.201972
3 0.483635 0.552135 0.346649 0.881537 0.448737
3 0.48565 0.554007 0.339184 0.875758 0.539817 1
3 0.49192 0.432122 0.319072 0.62181 0.265437 1
3 0.489848 0.524745 0.334814 0.81105 0.48111 1
3 0.489332 0.545011 0.341219 0.85766 0.515842 1
3 0.4938 0.43604 0.324184 0.633078 0.381099 1
3 0.485836 0.520925 0.339695 0.812945 0.481677 1
3 0.526036 0.575545 0.319727 0.716706 0.139059 1
3 0.557168 0.618076 0.365952 0.706891 0.116598 1
3 0.222626 0.532239 0.445253 0.517594 0.741304
3 0.222626 0.532239 0.445253 0.517594 0.741304 3
3 0.220735 0.524414 0.439032 0.55134 0.381795 3
3 0.220672 0.526305 0.435568 0.580432 0.81318 3
3 0.224931 0.459803 0.416575 0.442086 0.478166 3
3 0.221715 0.514004 0.428432 0.528776 0.847262 3
3 0.219549 0.464682 0.418832 0.423564 0.821426 3
3 0.214266 0.529005 0.422068 0.501647 0.739129 3
3 0.226904 0.481928 0.374796 0.398061 0.741689 3
3 0.219518 0.525589 0.411168 0.507546 0.598362 3
3 0.210098 0.531574 0.406097 0.54508 0.788179 3
3 0.207525 0.476334 0.374748 0.42753 0.517508 3
3 0.218702 0.50858 0.411344 0.525076 0.694631 3
3 0.212652 0.465629 0.395351 0.430755 0.69385 3
3 0.219646 0.510732 0.421651 0.517667 0.705906 3
3 0.215943 0.466218 0.405511 0.426601 0.546229 3
3 0.22244 0.512961 0.43141 0.519256 0.710623 3
3 0.220529 0.524483 0.43321 0.546756 0.74854 3
3 0.214561 0.473854 0.410663 0.43696 0.50666 3
3 0.210088 0.510877 0.419305 0.525132 0.750831 3
3 0.206256 0.466566 0.399855 0.431991 0.641284 3
3 0.214719 0.51359 0.414107 0.515872 0.779296 3
3 0.217465 0.471844 0.389456 0.423089 0.513405 3
3 0.225196 0.500554 0.418522 0.522837 0.733233 3
3 0.228983 0.513228 0.42899 0.552747 0.751499 3
3 0.234442 0.464355 0.405081 0.444769 0.722988 3
3 0.231425 0.507125 0.438371 0.522061 0.420375 3
3 0.253314 0.569061 0.459394 0.629302 0.120474 3
3 0.321306 0.568686 0.405803 0.560542 0.219786 3
3 0.337169 0.584877 0.367984 0.557071 0.403476 3
3 0.356305 0.470399 0.322452 0.307074 0.418427
3 0.29525 0.672205 0.418418 0.650604 0.333692
3 0.29525 0.672205 0.418418 0.650604 0.333692
3 0.227439 0.716791 0.443395 0.562933 0.417701
3 0.227439 0.716791 0.443395 0.562933 0.417701
3 0.230982 0.730302 0.432301 0.524416 0.780563 3
3 0.212035 0.663426 0.411671 0.547105 0.729117 3
3 0.206734 0.659282 0.409599 0.587995 0.809718 3
3 0.218955 0.627836 0.427242 0.580676 0.659373 3
3 0.209763 0.65373 0.40889 0.638481 0.570323 3
3 0.211434 0.67401 0.413769 0.638726 0.544386 3
3 0.198749 0.6756 0.395156 0.60224 0.732086 3
3 0.195572 0.672676 0.391143 0.585915 0.762164 3
3 0.181858 0.674604 0.363715 0.617768 0.71235 3
3 0.17673 0.682657 0.353461 0.605827 0.501232 3
3 0.17452 0.6952 0.349039 0.594056 0.196826 3
3 0.154924 0.720404 0.309849 0.559193 0.789368 3
3 0.532969 0.463097 0.316081 0.31842 0.31317
3 0.156323 0.734886 0.31135 0.530227 0.450258
3 0.566331 0.639099 0.406037 0.720767 0.109071
3 0.156323 0.734886 0.31135 0.530227 0.450258
3 0.505404 0.557868 0.348336 0.880721 0.121141
3 0.481962 0.552113 0.33837 0.879287 0.493746
3 0.594902 0.551711 0.567616 0.863821 0.161561
3 0.481962 0.552113 0.33837 0.879287 0.493746
3 0.471353 0.558421 0.348211 0.883158 0.139227
3 0.468522 0.556936 0.350227 0.871025 0.228998
3 0.474359 0.562297 0.344586 0.866159 0.213005
3 0.482385 0.563414 0.319248 0.846694 0.162927
3 0.140301 0.505702 0.279978 0.647954 0.292316
3 0.503003 0.548045 0.327868 0.756552 0.109172
3 0.140301 0.505702 0.279978 0.647954 0.292316
3 0.146061 0.501971 0.291448 0.674138 0.409132
3 0.50826 0.481347 0.345046 0.659994 0.23035
3 0.146061 0.501971 0.291448 0.674138 0.409132
3 0.152945 0.543692 0.305889 0.663447 0.18007
3 0.511406 0.528561 0.336891 0.759915 0.177098
3 0.515754 0.569686 0.325561 0.846197 0.166673
3 0.636142 0.576881 0.581107 0.845017 0.113485
3 0.24029 0.516012 0.460544 0.532157 0.46649
3 0.24029 0.516012 0.460544 0.532157 0.46649
3 0.279361 0.52606 0.356795 0.540966 0.650609
3 0.279361 0.52606 0.356795 0.540966 0.650609 4
3 0.250613 0.507371 0.438057 0.510348 0.501355 4
3 0.25429 0.507327 0.463193 0.514764 0.511851 4
3 0.235519 0.532184 0.471038 0.54794 0.403174 4
3 0.550821 0.638859 0.345294 0.712101 0.162229
3 0.201994 0.635466 0.390353 0.729068 0.227291
3 0.550202 0.627057 0.334183 0.667035 0.168749
3 0.28477 0.572595 0.55999 0.665947 0.228468
3 0.415106 0.422092 0.662119 0.500236 0.184749
3 0.440739 0.425576 0.622362 0.510589 0.356843
3 0.440739 0.425576 0.622362 0.510589 0.356843
3 0.378677 0.416737 0.30779 0.515142 0.534623
3 0.378677 0.416737 0.30779 0.515142 0.534623
3 0.349932 0.421481 0.516385 0.51703 0.536196
3 0.349932 0.421481 0.516385 0.51703 0.536196
3 0.245874 0.528235 0.489658 0.579232 0.541914 4
3 0.233145 0.599414 0.462371 0.688734 0.817267 4
3 0.248769 0.508015 0.409625 0.490121 0.562429 4
3 0.228391 0.604892 0.434722 0.665969 0.731301 4
3 0.244551 0.518815 0.382749 0.478785 0.648347 4
3 0.228304 0.605239 0.426056 0.661579 0.268448 4
3 0.32973 0.608168 0.623445 0.686908 0.100918 4
3 0.412936 0.597525 0.69771 0.729599 0.164193 4
1 0.337322 0.144057 0.129035 0.131349 0.325743
4 0.348684 0.153622 0.135284 0.135895 0.161205
3 0.349584 0.166423 0.134805 0.143702 0.158819
3 0.419901 0.511356 0.699333 0.569649 0.132754
3 0.269852 0.536997 0.535811 0.539973 0.653326 4
1 0.238837 0.183551 0.117866 0.145202 0.549862
3 0.239067 0.534998 0.47376 0.521891 0.697428 4
3 0.233594 0.194233 0.105855 0.15355 0.254307
1 0.115659 0.224699 0.120024 0.107448 0.250806
3 0.226536 0.605166 0.453073 0.636668 0.706854 4
3 0.292582 0.459305 0.311024 0.327834 0.390831
3 0.220746 0.612267 0.441493 0.606643 0.749803 4
3 0.544424 0.640315 0.331155 0.666767 0.122044
3 0.498045 0.568888 0.334057 0.844893 0.297151
3 0.615025 0.567925 0.617717 0.838453 0.210995
3 0.498045 0.568888 0.334057 0.844893 0.297151
3 0.47937 0.573408 0.338147 0.834984 0.140077
3 0.471137 0.568521 0.351198 0.861678 0.382596
3 0.581189 0.563452 0.586274 0.829669 0.191535
3 0.471137 0.568521 0.351198 0.861678 0.382596
3 0.461848 0.560691 0.352117 0.873108 0.566839
3 0.461848 0.560691 0.352117 0.873108 0.566839
3 0.457126 0.623227 0.382148 0.740949 0.305435
3 0.541359 0.607768 0.56973 0.764341 0.176174
3 0.457126 0.623227 0.382148 0.740949 0.305435
3 0.461941 0.556486 0.368201 0.887029 0.128758
