3 0.558251 0.5 0.883498 1 0.11551
3 0.558465 0.5 0.883071 1 0.111574
3 0.55859 0.5 0.882819 1 0.102785
3 0.558824 0.5 0.882351 1 0.10432
3 0.558239 0.5 0.883522 1 0.107649
3 0.558958 0.5 0.882085 1 0.106118
3 0.558456 0.5 0.883087 1 0.107885
3 0.558123 0.5 0.883754 1 0.105904
3 0.558176 0.5 0.883649 1 0.106116
3 0.558632 0.5 0.882736 1 0.107006
3 0.558383 0.5 0.883234 1 0.105369
3 0.559088 0.5 0.881825 1 0.112013
3 0.558772 0.5 0.882455 1 0.106829
3 0.558293 0.5 0.883414 1 0.109535
3 0.558261 0.5 0.883478 1 0.113364
3 0.558686 0.5 0.882627 1 0.108404
