3 0.778637 0.829071 0.430047 0.341858 0.304495
3 0.778637 0.829071 0.430047 0.341858 0.304495
0 0.773832 0.910278 0.452336 0.175158 0.112436
3 0.603563 0.571878 0.785623 0.787002 0.108851
2 0.0183901 0.0956462 0.0349325 0.18293 0.133269
3 0.3006 0.906085 0.599731 0.184998 0.303164
2 0.585345 0.102335 0.497639 0.199051 0.153455
3 0.3006 0.906085 0.599731 0.184998 0.303164
1 0.621952 0.275914 0.469478 0.278344 0.263141
3 0.826596 0.94248 0.345251 0.11172 0.131188
1 0.621952 0.275914 0.469478 0.278344 0.263141
3 0.834229 0.901134 0.331542 0.189718 0.388158
3 0.834229 0.901134 0.331542 0.189718 0.388158
1 0.683007 0.304296 0.329602 0.201536 0.520307
3 0.862947 0.902464 0.270288 0.192117 0.175578
1 0.683007 0.304296 0.329602 0.201536 0.520307
1 0.701826 0.319922 0.294959 0.180241 0.867403
3 0.698873 0.947532 0.602254 0.104461 0.323096
1 0.701826 0.319922 0.294959 0.180241 0.867403 1
1 0.731614 0.329555 0.291297 0.184231 0.914873 1
1 0.734488 0.333784 0.300992 0.187666 0.837593 1
1 0.768243 0.372342 0.297269 0.196708 0.905328 1
1 0.770973 0.373253 0.304306 0.195836 0.91325 1
1 0.795284 0.392638 0.288238 0.19311 0.885968 1
1 0.798998 0.390387 0.294487 0.202007 0.756205 1
1 0.803264 0.391407 0.286351 0.192222 0.932456 1
1 0.805313 0.392983 0.294659 0.196341 0.877137 1
1 0.797487 0.395874 0.286266 0.195223 0.922393 1
1 0.799267 0.395784 0.2945 0.197112 0.869301 1
1 0.799794 0.410873 0.285862 0.198914 0.921638 1
1 0.801519 0.414635 0.288819 0.195188 0.83391 1
1 0.80131 0.43211 0.286607 0.207419 0.888533 1
1 0.802097 0.433973 0.290987 0.215913 0.68114 1
1 0.800503 0.4391 0.283874 0.216325 0.93572 1
1 0.801603 0.439709 0.288758 0.224956 0.884845 1
1 0.804008 0.436389 0.285757 0.20048 0.942176 1
1 0.804224 0.441537 0.290376 0.201106 0.905134 1
1 0.801042 0.458018 0.28861 0.211649 0.933846 1
1 0.80438 0.455893 0.292385 0.221992 0.922755 1
1 0.801243 0.466561 0.285386 0.222692 0.941771 1
1 0.801433 0.471167 0.288046 0.21908 0.919284 1
1 0.801187 0.462307 0.285593 0.214369 0.915812 1
1 0.802106 0.468912 0.29086 0.216314 0.92922 1
1 0.798743 0.450532 0.292617 0.197576 0.920793 1
1 0.798751 0.453321 0.297542 0.194504 0.908347 1
1 0.799117 0.435337 0.293407 0.194182 0.935384 1
1 0.800729 0.43553 0.298661 0.189509 0.918474 1
1 0.800297 0.437813 0.288308 0.186633 0.951813 1
1 0.801116 0.439631 0.292365 0.185763 0.881433 1
1 0.798443 0.440011 0.287785 0.181771 0.951021 1
1 0.798972 0.44191 0.295354 0.18163 0.902097 1
1 0.797967 0.44209 0.289184 0.181624 0.935193 1
1 0.798183 0.442582 0.296275 0.176946 0.931066 1
1 0.798692 0.448595 0.286163 0.191704 0.898269 1
1 0.801133 0.453086 0.291471 0.194562 0.840613 1
1 0.799841 0.437164 0.293549 0.195089 0.918109 1
1 0.801261 0.439138 0.300797 0.194999 0.904071 1
1 0.809388 0.422407 0.286198 0.18963 0.933151 1
1 0.809852 0.41214 0.295418 0.215755 0.803587 1
1 0.832955 0.391683 0.286401 0.204733 0.929888 1
1 0.832132 0.396736 0.294881 0.199819 0.877106 1
3 0.706527 0.942647 0.586924 0.111561 0.634688 22
1 0.853696 0.375331 0.292303 0.198123 0.844274 1
3 0.700902 0.929685 0.598196 0.133092 0.585543 22
1 0.854484 0.378486 0.290143 0.189641 0.913384 1
3 0.692299 0.91498 0.61467 0.168131 0.689876 22
1 0.862723 0.365461 0.274554 0.196016 0.885314 1
3 0.700385 0.917805 0.599229 0.16439 0.257471 22
1 0.863534 0.368813 0.272931 0.194675 0.851503 1
3 0.692248 0.908099 0.61167 0.181856 0.555836 22
1 0.868302 0.355685 0.263396 0.19608 0.878579 1
3 0.692522 0.914848 0.614033 0.16722 0.205558 22
1 0.86693 0.359742 0.264984 0.19131 0.771447 1
1 0.862517 0.361081 0.269321 0.19593 0.846758 1
1 0.8615 0.362005 0.274077 0.195707 0.851601 1
1 0.858763 0.398069 0.271013 0.244542 0.887695 1
3 0.693893 0.92778 0.605356 0.14444 0.55003 22
1 0.857334 0.407502 0.274994 0.248773 0.876036 1
3 0.694934 0.908567 0.606358 0.179261 0.460013 22
1 0.851278 0.406541 0.275552 0.243526 0.922211 1
3 0.691746 0.921248 0.607883 0.157355 0.554579 22
1 0.851608 0.417262 0.278859 0.238559 0.927211 1
3 0.706848 0.916255 0.582573 0.164995 0.518393 22
1 0.851388 0.40861 0.275693 0.241382 0.924734 1
3 0.702038 0.92289 0.59344 0.14959 0.579333 22
1 0.853112 0.414921 0.282353 0.239358 0.898282 1
3 0.69857 0.915542 0.601672 0.165723 0.531572 22
1 0.850299 0.407695 0.278447 0.24037 0.947585 1
3 0.706961 0.925038 0.583978 0.146951 0.634302 22
1 0.851606 0.415315 0.285089 0.238903 0.904516 1
3 0.699736 0.913266 0.59975 0.167471 0.756581 22
1 0.850691 0.401041 0.27975 0.228985 0.90733 1
3 0.698876 0.921933 0.602247 0.150617 0.587181 22
1 0.851479 0.408627 0.286401 0.220375 0.854064 1
3 0.696856 0.915751 0.606263 0.164972 0.490185 22
1 0.852162 0.396986 0.280883 0.218241 0.909942 1
3 0.699568 0.923595 0.600865 0.151583 0.534115 22
1 0.852547 0.403833 0.285297 0.215075 0.852888 1
3 0.693973 0.916136 0.612054 0.165168 0.454633 22
1 0.857836 0.386463 0.281465 0.205012 0.801544 1
3 0.745705 0.919794 0.508591 0.15449 0.450115 22
1 0.855217 0.39366 0.285901 0.196538 0.834415 1
3 0.712367 0.904629 0.575267 0.184603 0.360645 22
1 0.858918 0.399824 0.277038 0.223441 0.856902 1
3 0.711929 0.918618 0.575733 0.162763 0.4572 22
1 0.857707 0.405577 0.277871 0.223756 0.83984 1
1 0.862607 0.40098 0.272613 0.235955 0.912871 1
1 0.861717 0.411491 0.272519 0.241551 0.91434 1
1 0.863524 0.403818 0.269279 0.244356 0.891069 1
1 0.861777 0.411455 0.271524 0.239978 0.809182 1
1 0.861262 0.409612 0.271072 0.238285 0.929056 1
3 0.723365 0.928794 0.551872 0.140153 0.587734 22
1 0.860635 0.416823 0.272625 0.240764 0.909431 1
3 0.70557 0.911231 0.588063 0.171503 0.532829 22
1 0.861827 0.408629 0.273078 0.241266 0.924579 1
3 0.703048 0.922044 0.593904 0.151166 0.477546 22
1 0.861866 0.414763 0.272997 0.24277 0.895942 1
1 0.865484 0.399426 0.267864 0.234743 0.883827 1
1 0.864573 0.40685 0.267631 0.234128 0.915688 1
1 0.862675 0.409898 0.269343 0.233873 0.927042 1
3 0.722699 0.931098 0.553558 0.13481 0.611328 22
1 0.861772 0.415716 0.271273 0.232308 0.888744 1
3 0.704313 0.912301 0.590344 0.169257 0.685587 22
1 0.861306 0.404307 0.270743 0.216758 0.912795 1
3 0.714377 0.92299 0.569524 0.149299 0.590339 22
1 0.861236 0.405066 0.272009 0.22749 0.796123 1
3 0.701753 0.915402 0.595244 0.163751 0.616063 22
1 0.866015 0.388984 0.267814 0.204656 0.894146 1
3 0.701388 0.91743 0.597223 0.158097 0.313746 22
1 0.865461 0.394139 0.267711 0.194511 0.912624 1
3 0.690663 0.91334 0.618575 0.16774 0.415193 22
1 0.874216 0.347974 0.251568 0.191337 0.623833 1
3 0.716129 0.901512 0.567743 0.171553 0.507006 22
1 0.872683 0.352668 0.254634 0.178988 0.744139 1
3 0.69902 0.896055 0.60196 0.193475 0.509866 22
1 0.878818 0.326912 0.242364 0.185131 0.793095 1
3 0.722442 0.902101 0.555116 0.180195 0.254745 22
1 0.879202 0.329021 0.241509 0.181375 0.807544 1
3 0.715681 0.892058 0.566432 0.203716 0.798399 22
1 0.86204 0.333371 0.275263 0.206305 0.503619 1
3 0.723653 0.902588 0.548253 0.191096 0.336252 22
1 0.87769 0.31879 0.243949 0.20004 0.910397 1
1 0.873553 0.325701 0.248419 0.188262 0.865465 1
1 0.880695 0.321089 0.232877 0.192956 0.933282 1
1 0.87926 0.324638 0.237102 0.187505 0.717221 1
1 0.879178 0.322287 0.23473 0.193612 0.930438 1
1 0.878831 0.328441 0.238253 0.186481 0.866396 1
1 0.877348 0.31776 0.2393 0.187486 0.917394 1
1 0.877614 0.321715 0.242228 0.184783 0.801021 1
1 0.877658 0.317328 0.240245 0.190861 0.933095 1
1 0.877852 0.321754 0.242774 0.189992 0.795308 1
1 0.879106 0.314809 0.24042 0.194043 0.894022 1
1 0.878335 0.319203 0.243083 0.187176 0.833946 1
1 0.876307 0.304933 0.247387 0.196055 0.946142 1
3 0.72522 0.893525 0.54956 0.203712 0.250115
1 0.873593 0.297338 0.251338 0.205188 0.883915 1
1 0.871698 0.301336 0.252885 0.194812 0.798242 1
1 0.870701 0.297805 0.25367 0.197829 0.915083 1
1 0.871593 0.301107 0.252739 0.19561 0.437582 1
1 0.874853 0.29083 0.250294 0.200515 0.870492 1
1 0.871892 0.294754 0.251594 0.191127 0.321801 1
1 0.872795 0.289008 0.24902 0.194495 0.918135 1
1 0.872337 0.294934 0.252817 0.186994 0.567335 1
1 0.874207 0.288808 0.249244 0.196225 0.882151 1
1 0.873252 0.29412 0.252823 0.190649 0.38579 1
1 0.868358 0.291215 0.25954 0.198911 0.927771 1
1 0.868358 0.295629 0.26242 0.190378 0.854694 1
1 0.875687 0.290612 0.248625 0.19877 0.899095 1
1 0.874543 0.294673 0.250454 0.191615 0.609151 1
1 0.871176 0.302437 0.254332 0.196263 0.787576 1
1 0.871044 0.306193 0.254914 0.19251 0.856343 1
1 0.866448 0.300607 0.263405 0.200411 0.842673 1
1 0.866282 0.304937 0.266639 0.195682 0.814142 1
1 0.874129 0.276686 0.251742 0.202449 0.921451 1
3 0.759748 0.881064 0.475979 0.233874 0.424671
3 0.854165 0.909995 0.288975 0.174673 0.299612
1 0.876392 0.243851 0.247216 0.20543 0.743605 1
4 0.836509 0.204549 0.326982 0.294364 0.533806 1
1 0.838643 0.216918 0.322714 0.251888 0.264867 1
4 0.827403 0.194241 0.345195 0.303343 0.5521 1
1 0.884298 0.27942 0.231404 0.196095 0.248182
2 0.87878 0.278364 0.242439 0.200132 0.210978
3 0.83938 0.902283 0.316372 0.192583 0.190435
1 0.841202 0.301704 0.314266 0.223285 0.474918
3 0.80579 0.92426 0.38842 0.149849 0.416387
3 0.716308 0.925144 0.567385 0.149465 0.114804
1 0.841202 0.301704 0.314266 0.223285 0.474918
3 0.80579 0.92426 0.38842 0.149849 0.416387
3 0.719168 0.945059 0.561664 0.109881 0.618591
3 0.804212 0.941256 0.391576 0.113103 0.509735
1 0.842138 0.346281 0.312198 0.237196 0.276245
3 0.719168 0.945059 0.561664 0.109881 0.618591 39
3 0.702441 0.94881 0.594771 0.10238 0.253239 39
3 0.702031 0.934211 0.595937 0.131253 0.621307 39
3 0.731666 0.908457 0.536668 0.154622 0.672376 39
3 0.719469 0.905998 0.557755 0.173235 0.832719 39
3 0.716158 0.912272 0.567514 0.162438 0.192103 39
3 0.707188 0.904588 0.585623 0.181376 0.774029 39
1 0.885197 0.334479 0.223631 0.201192 0.740568 40
3 0.732387 0.923852 0.535227 0.147836 0.622633 39
1 0.843695 0.336742 0.306184 0.212869 0.397199 40
3 0.795815 0.920259 0.408371 0.159481 0.538161 39
1 0.837028 0.337309 0.325944 0.218294 0.76501 40
3 0.778022 0.924258 0.386703 0.151439 0.668545 39
1 0.769578 0.37984 0.349408 0.193979 0.221824 40
3 0.785999 0.908855 0.416526 0.178377 0.62476 39
1 0.778907 0.382346 0.354132 0.186862 0.698483 40
1 0.717479 0.395597 0.314948 0.179081 0.792075 40
1 0.716841 0.397201 0.323634 0.179367 0.643459 40
3 0.873322 0.91453 0.253356 0.165438 0.380803
3 0.82088 0.928101 0.358241 0.141257 0.23049
3 0.873322 0.91453 0.253356 0.165438 0.380803
1 0.685308 0.507982 0.273043 0.172242 0.689186 40
1 0.688247 0.51283 0.273389 0.17077 0.831824 40
3 0.822013 0.938358 0.355973 0.123284 0.575502 39
1 0.691645 0.487425 0.268102 0.174316 0.855933 40
3 0.853881 0.916463 0.292237 0.148698 0.607939 39
1 0.693568 0.479756 0.26818 0.186125 0.897951 40
3 0.857808 0.904217 0.284385 0.178339 0.820648 39
1 0.711523 0.472561 0.260696 0.17624 0.907415 40
3 0.869606 0.900953 0.260787 0.173167 0.265675 39
1 0.71087 0.478155 0.26671 0.172389 0.888938 40
3 0.872336 0.889263 0.255329 0.209481 0.732296 39
1 0.719008 0.463123 0.253267 0.172456 0.796858 40
3 0.865668 0.896359 0.268664 0.188284 0.257406 39
1 0.718945 0.465065 0.255431 0.167904 0.77599 40
3 0.86694 0.889123 0.266119 0.214946 0.461816 39
1 0.714875 0.460255 0.263079 0.172 0.842884 40
3 0.865939 0.899131 0.268121 0.192821 0.219938 39
1 0.715443 0.463332 0.264707 0.17386 0.509097 40
3 0.868801 0.891436 0.262398 0.213593 0.354375 39
1 0.714395 0.459715 0.266414 0.175361 0.871965 40
3 0.866256 0.901452 0.267489 0.190989 0.220332 39
1 0.712382 0.463233 0.274 0.176655 0.825375 40
3 0.866774 0.893107 0.266452 0.211703 0.643553 39
1 0.720279 0.451979 0.262433 0.172219 0.804952 40
1 0.719707 0.452865 0.267416 0.175716 0.797081 40
3 0.701486 0.946054 0.597007 0.104729 0.697456 46
1 0.732072 0.440232 0.258222 0.17066 0.936212 40
1 0.733041 0.440058 0.257885 0.171823 0.905313 40
1 0.734867 0.433514 0.258275 0.167125 0.927892 40
1 0.732928 0.435604 0.262851 0.168163 0.93058 40
1 0.741294 0.426185 0.258853 0.172083 0.853722 40
1 0.741627 0.429521 0.261858 0.17251 0.854235 40
1 0.743094 0.42979 0.254917 0.17027 0.886017 40
1 0.743366 0.431911 0.258327 0.165173 0.873307 40
3 0.721047 0.926836 0.557905 0.145955 0.504256 46
1 0.745284 0.430715 0.25223 0.164871 0.909118 40
3 0.75979 0.925391 0.4789 0.149218 0.560283 46
1 0.745641 0.433537 0.251708 0.166472 0.749398 40
3 0.722933 0.911056 0.552376 0.175321 0.396146 46
1 0.746897 0.425479 0.252785 0.17294 0.881321 40
3 0.721566 0.917669 0.556582 0.160599 0.550109 46
1 0.746679 0.428033 0.251487 0.172375 0.772183 40
3 0.756136 0.918828 0.486195 0.161408 0.260857 46
1 0.747934 0.426676 0.252404 0.173924 0.872319 40
3 0.758857 0.921871 0.481742 0.156258 0.531432 46
1 0.746964 0.429672 0.252594 0.174337 0.609574 40
3 0.83121 0.916457 0.336324 0.166466 0.274705 46
1 0.749411 0.428486 0.25076 0.172267 0.867487 40
3 0.857216 0.906558 0.284873 0.185918 0.140952 46
1 0.749397 0.431361 0.250935 0.166933 0.860436 40
1 0.750981 0.430199 0.248342 0.167429 0.888268 40
3 0.782705 0.918655 0.43459 0.161925 0.515649 46
1 0.749992 0.432937 0.252101 0.168045 0.557794 40
3 0.735538 0.905741 0.528925 0.179223 0.669274 46
1 0.750046 0.427198 0.250134 0.1731 0.861288 40
3 0.746425 0.9151 0.50715 0.162983 0.493573 46
1 0.750451 0.430019 0.252819 0.173831 0.504309 40
1 0.751013 0.429544 0.250331 0.171354 0.858708 40
1 0.750842 0.43258 0.251679 0.164065 0.894366 40
1 0.751618 0.425913 0.249646 0.172501 0.856119 40
1 0.751549 0.42732 0.250127 0.174179 0.585159 40
1 0.751321 0.427356 0.25212 0.171357 0.856413 40
1 0.753558 0.431255 0.256432 0.170695 0.606253 40
1 0.754501 0.424681 0.257581 0.170583 0.826111 40
1 0.755978 0.425894 0.260834 0.169814 0.700732 40
1 0.756406 0.421688 0.264132 0.168984 0.860363 40
1 0.755535 0.423865 0.269837 0.170342 0.770543 40
1 0.757923 0.421179 0.268451 0.170142 0.824038 40
1 0.757482 0.4234 0.275419 0.170846 0.674492 40
1 0.775282 0.421068 0.264754 0.164758 0.889975 40
1 0.772909 0.422453 0.270078 0.164136 0.901945 40
1 0.8164 0.442752 0.250966 0.166757 0.955694 40
1 0.814813 0.442717 0.25749 0.16752 0.917069 40
1 0.842413 0.442411 0.244408 0.169098 0.946693 40
3 0.730628 0.932748 0.537691 0.130933 0.504909 46
1 0.846305 0.44232 0.243365 0.169594 0.854587 40
3 0.712254 0.919263 0.57076 0.158686 0.531029 46
1 0.84838 0.428705 0.239804 0.178986 0.860568 40
3 0.738547 0.91725 0.512127 0.160835 0.531131 46
1 0.849049 0.429874 0.243466 0.179793 0.713496 40
3 0.714957 0.901471 0.563117 0.191732 0.691233 46
1 0.848151 0.394678 0.246621 0.176113 0.574348 40
3 0.713913 0.89259 0.562864 0.186964 0.250921 46
4 0.762488 0.094976 0.245354 0.168247 0.789068
1 0.841061 0.379741 0.241196 0.174899 0.910168 40
1 0.839232 0.383776 0.244551 0.167181 0.833399 40
1 0.83132 0.380928 0.245734 0.169462 0.894765 40
1 0.832201 0.372637 0.250282 0.184971 0.900557 40
1 0.828603 0.376788 0.240133 0.181903 0.920439 40
1 0.827223 0.383 0.244814 0.170954 0.784324 40
1 0.821499 0.383258 0.237862 0.169049 0.890204 40
1 0.821497 0.38233 0.245122 0.171362 0.760067 40
1 0.814811 0.397265 0.242423 0.169014 0.867662 40
1 0.813278 0.39856 0.245077 0.163081 0.763508 40
1 0.809523 0.399382 0.245845 0.16683 0.846924 40
1 0.809312 0.399792 0.245733 0.161023 0.836582 40
1 0.805669 0.398087 0.244266 0.167429 0.838068 40
1 0.806883 0.399545 0.249922 0.160493 0.831071 40
1 0.800001 0.382719 0.24674 0.170751 0.787933 40
1 0.79897 0.380522 0.250435 0.177662 0.682103 40
1 0.780808 0.342459 0.253111 0.180164 0.838302 40
1 0.778346 0.345875 0.256459 0.165263 0.77754 40
1 0.778286 0.324663 0.251377 0.172609 0.857485 40
4 0.766005 0.204619 0.25272 0.409237 0.315957
1 0.774269 0.315938 0.243214 0.172659 0.915361 40
4 0.768551 0.237562 0.251195 0.327543 0.695843 40
1 0.777176 0.286043 0.246765 0.252954 0.885211 40
1 0.775324 0.312035 0.253609 0.207832 0.710883 40
1 0.775457 0.312807 0.251235 0.187472 0.900937 40
1 0.773408 0.318051 0.251857 0.171312 0.795254 40
1 0.778792 0.315077 0.247912 0.176002 0.881219 40
1 0.779598 0.317922 0.252089 0.166325 0.803182 40
1 0.776718 0.31661 0.255733 0.171607 0.86167 40
1 0.774723 0.316724 0.262706 0.162034 0.841357 40
1 0.781316 0.331675 0.260589 0.175982 0.338034 40
1 0.781206 0.336438 0.263652 0.16821 0.555025 40
1 0.829458 0.361337 0.25075 0.16668 0.88055 40
1 0.828187 0.367334 0.256917 0.165974 0.914026 40
1 0.848629 0.368934 0.243917 0.157741 0.916724 40
1 0.848944 0.369303 0.248548 0.165255 0.784268 40
1 0.853584 0.381822 0.242145 0.192005 0.550218 40
1 0.856909 0.390009 0.236525 0.187286 0.434323 40
1 0.853419 0.395739 0.23697 0.179156 0.85496 40
1 0.853209 0.398877 0.238055 0.179237 0.821983 40
1 0.851333 0.417399 0.234171 0.19563 0.841005 40
1 0.850672 0.42486 0.237235 0.188047 0.817981 40
1 0.852494 0.410647 0.231419 0.170647 0.747846 40
1 0.85195 0.416486 0.237812 0.164346 0.653818 40
1 0.859101 0.416816 0.23591 0.163347 0.884592 40
1 0.859722 0.415887 0.245022 0.165814 0.910206 40
1 0.855834 0.417644 0.239797 0.168041 0.594132 40
1 0.855942 0.41922 0.246194 0.167576 0.885802 40
1 0.855073 0.442499 0.248046 0.175729 0.752229 40
1 0.854537 0.446196 0.25587 0.176727 0.861954 40
3 0.794242 0.934595 0.410674 0.125292 0.631608 86
1 0.873876 0.451809 0.252248 0.183647 0.608937 40
3 0.823089 0.938526 0.353823 0.122947 0.212436 86
1 0.871323 0.456904 0.253943 0.175332 0.928156 40
3 0.851783 0.918009 0.294248 0.158251 0.642101 86
1 0.859795 0.437979 0.280409 0.189142 0.782612 40
1 0.872759 0.441777 0.254483 0.181731 0.837751 40
1 0.886163 0.484916 0.227674 0.194016 0.650302 40
1 0.883684 0.489018 0.229662 0.186736 0.903999 40
1 0.870417 0.536512 0.259166 0.198311 0.588926 40
1 0.866701 0.540314 0.263827 0.200591 0.693863 40
1 0.888747 0.57056 0.218752 0.199784 0.703705 40
1 0.885977 0.574422 0.222482 0.205192 0.500154 40
1 0.866424 0.454773 0.249974 0.188716 0.278111 40
1 0.864338 0.457709 0.258544 0.179736 0.781347 40
1 0.859345 0.389315 0.271261 0.185473 0.439466 40
1 0.876013 0.388103 0.238479 0.183334 0.253141 40
1 0.895662 0.341907 0.208676 0.18384 0.77941 40
1 0.892807 0.345628 0.214183 0.177907 0.74306 40
1 0.930186 0.292685 0.139629 0.183954 0.526815 40
1 0.928435 0.297034 0.14313 0.177011 0.871277 40
1 0.947817 0.257016 0.104366 0.181239 0.197601 40
1 0.953347 0.249022 0.0903779 0.184113 0.295563 40
3 0.287117 0.487108 0.555163 0.974215 0.448153
1 0.908595 0.290155 0.182809 0.193444 0.235604
3 0.287117 0.487108 0.555163 0.974215 0.448153
3 0.802756 0.927057 0.383903 0.141256 0.547522
1 0.874292 0.378837 0.248416 0.183788 0.547194
3 0.802756 0.927057 0.383903 0.141256 0.547522
1 0.874292 0.378837 0.248416 0.183788 0.547194
1 0.869167 0.448308 0.258008 0.175893 0.716277
3 0.695663 0.950085 0.608675 0.0998309 0.217513
1 0.869167 0.448308 0.258008 0.175893 0.716277 93
1 0.843621 0.45334 0.262019 0.185294 0.842752 93
1 0.844796 0.45948 0.265387 0.188508 0.739681 93
1 0.822868 0.413219 0.269922 0.188465 0.924772 93
1 0.824756 0.404944 0.274908 0.204958 0.865298 93
1 0.804223 0.438471 0.271841 0.193105 0.93897 93
1 0.805703 0.443931 0.279397 0.188916 0.878488 93
1 0.79442 0.448571 0.270842 0.182363 0.92635 93
1 0.794569 0.449582 0.27546 0.179426 0.936888 93
3 0.69972 0.942521 0.600561 0.111873 0.662196 97
1 0.772747 0.44681 0.270069 0.174756 0.947136 93
3 0.690767 0.937384 0.560657 0.117278 0.512668 97
1 0.773303 0.445357 0.274462 0.179241 0.917592 93
3 0.78552 0.934514 0.416004 0.128742 0.695249 97
1 0.747584 0.477335 0.270305 0.178731 0.942083 93
1 0.747247 0.480684 0.273713 0.178124 0.910926 93
1 0.732583 0.476745 0.266801 0.176725 0.949946 93
1 0.734415 0.476558 0.268667 0.179491 0.82798 93
1 0.708349 0.472403 0.268528 0.177522 0.938797 93
1 0.709438 0.473316 0.271552 0.18148 0.837898 93
1 0.685421 0.479115 0.269879 0.187276 0.919491 93
1 0.687807 0.477943 0.276604 0.198874 0.904613 93
1 0.67219 0.470038 0.27641 0.193977 0.934334 93
1 0.673447 0.473562 0.281499 0.195331 0.932883 93
3 0.831088 0.933861 0.337823 0.129168 0.617253 104
1 0.664158 0.488858 0.277685 0.202279 0.934612 93
3 0.81821 0.938063 0.361142 0.123873 0.338215 104
1 0.666087 0.490911 0.284254 0.205341 0.939838 93
3 0.854878 0.920409 0.289471 0.152595 0.327467 104
1 0.662049 0.48137 0.279008 0.191031 0.924191 93
3 0.82978 0.926329 0.340439 0.139227 0.484632 104
1 0.662685 0.470594 0.283987 0.217169 0.884939 93
3 0.848691 0.910781 0.302617 0.171725 0.345542 104
1 0.664412 0.463397 0.281066 0.199026 0.935004 93
3 0.847322 0.914206 0.305356 0.156725 0.459675 104
1 0.666832 0.466774 0.284179 0.20079 0.874323 93
3 0.860743 0.898795 0.278514 0.194596 0.373445 104
1 0.663118 0.463573 0.280918 0.188794 0.930428 93
3 0.848436 0.915253 0.302557 0.16435 0.642336 104
1 0.664495 0.464535 0.288684 0.184756 0.935971 93
3 0.84779 0.906989 0.30442 0.184229 0.384639 104
1 0.665211 0.456017 0.280343 0.188165 0.920757 93
3 0.845367 0.919884 0.3083 0.157407 0.607835 104
1 0.666577 0.457181 0.283769 0.191313 0.926804 93
3 0.843365 0.914948 0.313271 0.169441 0.57494 104
1 0.664919 0.454179 0.279682 0.18824 0.923359 93
3 0.833879 0.923652 0.332241 0.147522 0.700507 104
1 0.666666 0.456563 0.282627 0.182979 0.934004 93
3 0.832909 0.909147 0.334181 0.18041 0.564322 104
1 0.665969 0.448924 0.278611 0.181765 0.9261 93
3 0.821943 0.918958 0.355457 0.158481 0.655541 104
1 0.666146 0.449975 0.282089 0.176449 0.919155 93
3 0.822638 0.908755 0.354725 0.181908 0.290899 104
1 0.682208 0.414311 0.275967 0.184153 0.917989 93
3 0.796775 0.913848 0.40645 0.156094 0.504636 104
1 0.682903 0.414943 0.27816 0.184092 0.921114 93
1 0.700313 0.387229 0.274822 0.186309 0.934827 93
3 0.816613 0.924118 0.366773 0.138495 0.716232 104
1 0.702103 0.385786 0.279679 0.192597 0.858787 93
3 0.790986 0.907169 0.416268 0.173586 0.34264 104
1 0.702007 0.38579 0.276789 0.189774 0.943611 93
3 0.799359 0.925332 0.396819 0.148002 0.647398 104
1 0.703722 0.388792 0.283095 0.185999 0.897099 93
3 0.789495 0.908675 0.416507 0.176406 0.614623 104
1 0.703069 0.384121 0.278377 0.18737 0.926844 93
3 0.807238 0.92439 0.383564 0.145571 0.677494 104
1 0.703885 0.386942 0.28289 0.186127 0.922346 93
3 0.825666 0.91492 0.3436 0.162478 0.466544 104
1 0.702134 0.375585 0.281261 0.183739 0.951081 93
3 0.829598 0.912794 0.337102 0.167882 0.654226 104
1 0.704275 0.378088 0.285789 0.183599 0.915841 93
3 0.823907 0.899532 0.348865 0.19626 0.855494 104
1 0.704669 0.367421 0.282874 0.181771 0.93708 93
3 0.826229 0.902341 0.343805 0.19098 0.65388 104
1 0.707564 0.366332 0.290293 0.180142 0.92247 93
3 0.822901 0.888495 0.350401 0.221278 0.485995 104
1 0.70416 0.357573 0.286567 0.184152 0.947918 93
3 0.811998 0.913131 0.374753 0.17227 0.678597 104
1 0.705535 0.355199 0.292309 0.185884 0.911016 93
3 0.791086 0.895344 0.415681 0.20633 0.368384 104
1 0.712181 0.435955 0.302793 0.209242 0.17342 93
1 0.71466 0.42197 0.31558 0.234419 0.366732 93
1 0.652313 0.778493 0.468515 0.392843 0.512566 93
2 0.655619 0.791621 0.506228 0.37366 0.582353 93
3 0.315741 0.942945 0.566922 0.11411 0.674924
3 0.419971 0.945769 0.53687 0.105913 0.561094
3 0.176547 0.946491 0.346313 0.106117 0.506648
3 0.315741 0.942945 0.566922 0.11411 0.674924 120
3 0.569838 0.637382 0.854755 0.725236 0.475658
3 0.727291 0.637395 0.524071 0.72521 0.244685
3 0.569838 0.637382 0.854755 0.725236 0.475658
3 0.586248 0.414302 0.817793 0.828604 0.290486
3 0.586248 0.414302 0.817793 0.828604 0.290486
3 0.586933 0.407453 0.81648 0.814905 0.322229
3 0.586933 0.407453 0.81648 0.814905 0.322229
3 0.582727 0.409514 0.826279 0.819028 0.289313
3 0.582727 0.409514 0.826279 0.819028 0.289313
3 0.583688 0.404699 0.823449 0.809398 0.320391
3 0.583688 0.404699 0.823449 0.809398 0.320391
3 0.584295 0.397822 0.823336 0.795644 0.279507
3 0.584295 0.397822 0.823336 0.795644 0.279507
3 0.585459 0.397723 0.822181 0.795446 0.24462
3 0.585862 0.389693 0.821342 0.779386 0.216705
3 0.587174 0.393652 0.819708 0.787303 0.200258
3 0.58564 0.400074 0.823501 0.800149 0.258681
3 0.58564 0.400074 0.823501 0.800149 0.258681
3 0.584128 0.399126 0.82707 0.798251 0.233736
3 0.589266 0.3947 0.817755 0.789401 0.184938
3 0.589211 0.396447 0.818512 0.792894 0.174103
3 0.594581 0.395713 0.808254 0.791427 0.128524
3 0.588458 0.399834 0.819008 0.799669 0.198113
3 0.588401 0.399607 0.818958 0.799215 0.249337
3 0.588531 0.399982 0.815842 0.799964 0.368147
3 0.714607 0.388628 0.554558 0.777257 0.171174
3 0.588531 0.399982 0.815842 0.799964 0.368147
3 0.586918 0.401249 0.821047 0.802498 0.328796
3 0.709366 0.389756 0.566932 0.779512 0.141197
3 0.586918 0.401249 0.821047 0.802498 0.328796
3 0.586319 0.398049 0.819416 0.796098 0.377666
3 0.714259 0.387507 0.554337 0.775014 0.164108
3 0.586319 0.398049 0.819416 0.796098 0.377666
