3 0.549819 0.598303 0.900361 0.788608 0.109504
3 0.563467 0.59649 0.873066 0.807019 0.15027
3 0.570762 0.569083 0.858477 0.76238 0.465087
2 0.806232 0.405329 0.387537 0.434926 0.112665
3 0.570762 0.569083 0.858477 0.76238 0.465087
1 0.79111 0.326849 0.41778 0.461553 0.730029
2 0.790168 0.328169 0.419664 0.46101 0.102831
1 0.79111 0.326849 0.41778 0.461553 0.730029 1
2 0.788338 0.29993 0.423325 0.484937 0.77346 1
2 0.738361 0.320941 0.51313 0.606148 0.48172 1
2 0.76303 0.282141 0.471765 0.564282 0.724329 1
2 0.73686 0.278406 0.521966 0.556811 0.742012 1
2 0.730209 0.312603 0.532653 0.576833 0.884258 1
2 0.716327 0.325794 0.55786 0.626944 0.527444 1
2 0.719656 0.338783 0.557051 0.60376 0.896223 1
2 0.711809 0.333347 0.568694 0.630718 0.31685 1
2 0.722937 0.359298 0.55008 0.600775 0.91326 1
2 0.709397 0.353016 0.572072 0.657084 0.347194 1
2 0.726971 0.37575 0.542077 0.609522 0.879946 1
2 0.714589 0.347776 0.561664 0.63745 0.347195 1
2 0.730084 0.381312 0.535416 0.597316 0.847434 1
2 0.717898 0.349764 0.554882 0.631513 0.395852 1
2 0.729241 0.378897 0.535896 0.588777 0.842 1
2 0.717552 0.348412 0.556278 0.630527 0.530088 1
2 0.722907 0.36313 0.550047 0.588918 0.873059 1
2 0.712797 0.345832 0.56522 0.63498 0.283671 1
2 0.724086 0.352169 0.545089 0.595201 0.820007 1
2 0.734015 0.340977 0.529099 0.571519 0.741567 1
2 0.721586 0.327964 0.549184 0.610705 0.651184 1
2 0.726581 0.352382 0.542048 0.583394 0.884591 1
2 0.728438 0.386591 0.541197 0.570666 0.761522 1
2 0.718381 0.352346 0.556575 0.625323 0.336915 1
2 0.731405 0.451262 0.533829 0.591474 0.786838 1
2 0.733027 0.533777 0.531511 0.622402 0.355169 1
4 0.762984 0.113972 0.249514 0.200479 0.423359
2 0.735006 0.532868 0.527069 0.539875 0.175516
2 0.717531 0.522028 0.561732 0.517157 0.265501
2 0.717531 0.522028 0.561732 0.517157 0.265501
