1 0.205821 0.729398 0.408074 0.526019 0.151605
1 0.342865 0.392559 0.505588 0.421873 0.121483
1 0.297251 0.399834 0.548794 0.370335 0.454894
1 0.297251 0.399834 0.548794 0.370335 0.454894
1 0.741818 0.270987 0.504405 0.39476 0.529692
2 0.800515 0.267237 0.39897 0.383412 0.142926
1 0.741818 0.270987 0.504405 0.39476 0.529692
1 0.743341 0.301109 0.502075 0.396105 0.47893
1 0.743341 0.301109 0.502075 0.396105 0.47893
1 0.768843 0.3315 0.456402 0.392248 0.480322
1 0.768843 0.3315 0.456402 0.392248 0.480322
1 0.771888 0.343142 0.447575 0.399485 0.539083
2 0.784737 0.345036 0.430527 0.402383 0.344598
1 0.771888 0.343142 0.447575 0.399485 0.539083
2 0.784737 0.345036 0.430527 0.402383 0.344598
1 0.742284 0.323137 0.491716 0.382677 0.526714
1 0.742284 0.323137 0.491716 0.382677 0.526714
2 0.740932 0.321368 0.509301 0.380844 0.278345
2 0.740932 0.321368 0.509301 0.380844 0.278345
3 0.538615 0.537048 0.900072 0.869741 0.1119
2 0.626819 0.376884 0.722823 0.548147 0.101984
2 0.636257 0.381441 0.718957 0.649851 0.199243
2 0.659112 0.33037 0.670814 0.635091 0.302369
2 0.659112 0.33037 0.670814 0.635091 0.302369
2 0.658514 0.348297 0.66531 0.660554 0.264649
2 0.658514 0.348297 0.66531 0.660554 0.264649
2 0.65131 0.465376 0.679279 0.874981 0.26518
2 0.697595 0.335712 0.58743 0.623275 0.217459
2 0.65131 0.465376 0.679279 0.874981 0.26518
2 0.649398 0.496774 0.673983 0.814537 0.342325
2 0.649398 0.496774 0.673983 0.814537 0.342325
2 0.640993 0.49743 0.691459 0.759079 0.32268
2 0.640993 0.49743 0.691459 0.759079 0.32268
2 0.61705 0.586588 0.726007 0.787778 0.123278
2 0.619558 0.609569 0.707721 0.76344 0.192857
2 0.611266 0.560939 0.75282 0.713885 0.159414
2 0.600676 0.51122 0.736866 0.677712 0.136856
3 0.605722 0.528512 0.743153 0.869071 0.106618
2 0.639928 0.440568 0.696144 0.690843 0.191169
3 0.543284 0.517531 0.893468 0.90309 0.229532
2 0.632913 0.508148 0.712499 0.867503 0.218278
2 0.620807 0.452786 0.748991 0.676408 0.177399
2 0.605257 0.549222 0.777257 0.827562 0.11702
2 0.650811 0.532331 0.654468 0.826244 0.214932
2 0.614967 0.561705 0.721992 0.834017 0.180092
2 0.617419 0.488378 0.733697 0.699534 0.113138
1 0.322045 0.360359 0.52821 0.527501 0.108706
1 0.302966 0.356461 0.528047 0.515484 0.127665
2 0.633314 0.480204 0.718567 0.824876 0.268891
2 0.633314 0.480204 0.718567 0.824876 0.268891
2 0.727147 0.293263 0.537017 0.478503 0.295666
2 0.607737 0.292316 0.78243 0.479133 0.126711
2 0.727147 0.293263 0.537017 0.478503 0.295666
2 0.737165 0.278708 0.521497 0.470202 0.153456
2 0.736712 0.289594 0.522257 0.461394 0.178405
2 0.738207 0.287986 0.520753 0.463681 0.167687
2 0.72675 0.323503 0.5465 0.523151 0.146185
2 0.600701 0.362937 0.793556 0.612064 0.178947
2 0.63108 0.331614 0.734833 0.567508 0.230001
2 0.62918 0.360821 0.724361 0.71064 0.382232
2 0.726033 0.319563 0.528792 0.620707 0.125916
2 0.62918 0.360821 0.724361 0.71064 0.382232
2 0.621855 0.310494 0.730358 0.613284 0.224171
1 0.280482 0.27644 0.532673 0.542691 0.149403
1 0.300929 0.292987 0.558827 0.553141 0.109959
2 0.60924 0.308264 0.748742 0.610002 0.118042
2 0.738142 0.309131 0.492876 0.611938 0.110627
2 0.617899 0.462423 0.728684 0.812125 0.152736
2 0.619106 0.426599 0.727078 0.731597 0.173971
2 0.6267 0.423017 0.713749 0.674152 0.310286
2 0.6267 0.423017 0.713749 0.674152 0.310286
2 0.59496 0.46779 0.782421 0.618037 0.707552
2 0.719517 0.46299 0.536176 0.613899 0.592271
2 0.59496 0.46779 0.782421 0.618037 0.707552 1
3 0.357446 0.59124 0.699543 0.792908 0.514673
3 0.357446 0.59124 0.699543 0.792908 0.514673
1 0.184925 0.494196 0.366787 0.495136 0.302433
1 0.184925 0.494196 0.366787 0.495136 0.302433
2 0.742444 0.326729 0.511443 0.539427 0.234089
2 0.720035 0.325983 0.556691 0.527953 0.158902
1 0.296491 0.340515 0.56117 0.487582 0.180519
1 0.26554 0.341992 0.511541 0.478853 0.358902
1 0.26554 0.341992 0.511541 0.478853 0.358902
1 0.255063 0.329563 0.500345 0.473134 0.574871 1
4 0.762551 0.0996887 0.246773 0.176681 0.369991
1 0.235412 0.323953 0.462468 0.450065 0.205154
1 0.2217 0.320783 0.4434 0.445664 0.237715
1 0.287676 0.321916 0.542313 0.443096 0.264078
1 0.287676 0.321916 0.542313 0.443096 0.264078
1 0.291232 0.346517 0.561269 0.447321 0.128572
1 0.28978 0.352157 0.553052 0.450933 0.14332
1 0.293007 0.357211 0.538917 0.45396 0.124476
