1 0.790528 0.47731 0.411165 0.438736 0.121482
1 0.823716 0.469495 0.352569 0.434848 0.240275
1 0.838 0.465804 0.323058 0.43024 0.179747
1 0.804559 0.440231 0.386571 0.430196 0.379483
1 0.804559 0.440231 0.386571 0.430196 0.379483
1 0.787529 0.399661 0.413748 0.436334 0.473401
1 0.787529 0.399661 0.413748 0.436334 0.473401
1 0.786145 0.399889 0.417896 0.424969 0.564154
1 0.786145 0.399889 0.417896 0.424969 0.564154
1 0.795968 0.39667 0.399552 0.401271 0.457627
1 0.795968 0.39667 0.399552 0.401271 0.457627
1 0.789232 0.391865 0.415875 0.40166 0.397887
1 0.789232 0.391865 0.415875 0.40166 0.397887
1 0.786649 0.387267 0.418191 0.403078 0.305577
1 0.786649 0.387267 0.418191 0.403078 0.305577
1 0.792732 0.397189 0.410693 0.402168 0.294584
1 0.792732 0.397189 0.410693 0.402168 0.294584
1 0.792505 0.397471 0.40826 0.402527 0.583256
1 0.792505 0.397471 0.40826 0.402527 0.583256
1 0.79454 0.396866 0.402207 0.401425 0.424458
1 0.79454 0.396866 0.402207 0.401425 0.424458
1 0.794126 0.415009 0.398672 0.399055 0.712225
1 0.794126 0.415009 0.398672 0.399055 0.712225 1
1 0.79433 0.400333 0.403315 0.4009 0.41095 1
1 0.795089 0.396823 0.401744 0.399164 0.232516 1
1 0.8 0.412346 0.390708 0.401536 0.666677 1
1 0.800423 0.41457 0.391764 0.401882 0.699807 1
1 0.805099 0.408345 0.384214 0.399303 0.462452 1
1 0.805214 0.405024 0.382682 0.3955 0.196481 1
1 0.811308 0.412924 0.371698 0.398064 0.615805 1
1 0.813294 0.414776 0.36649 0.399133 0.545245 1
1 0.812558 0.418253 0.366186 0.399166 0.348638 1
1 0.798859 0.444496 0.373442 0.399825 0.592455 1
1 0.789864 0.464148 0.385595 0.401436 0.569034 1
1 0.771726 0.41509 0.431334 0.396454 0.317324 1
1 0.771885 0.366392 0.454632 0.409258 0.13345 1
1 0.782104 0.366789 0.43232 0.414844 0.380479 1
1 0.78802 0.382769 0.417804 0.416664 0.724772 1
1 0.787339 0.381527 0.41513 0.412362 0.652594 1
0 0.871622 0.0734096 0.0285576 0.0634937 0.25126
1 0.78774 0.380759 0.411633 0.406525 0.751425 1
0 0.871642 0.0734221 0.0285439 0.0633278 0.282834
1 0.786869 0.386185 0.411239 0.404606 0.651163 1
1 0.790492 0.392614 0.403567 0.40091 0.560843 1
1 0.79181 0.393591 0.404422 0.400173 0.568579 1
1 0.793427 0.389566 0.406419 0.40211 0.635687 1
1 0.7899 0.394072 0.405171 0.400231 0.586027 1
1 0.786787 0.395416 0.405282 0.398761 0.579079 1
1 0.785619 0.397029 0.410038 0.402363 0.450894 1
0 0.871674 0.07344 0.0285896 0.0635407 0.250482
1 0.779815 0.39711 0.427419 0.407024 0.540829 1
0 0.871617 0.0735208 0.0285183 0.063852 0.258626
1 0.77967 0.40941 0.425172 0.405566 0.601191 1
