4 0.695714 0.417599 0.608573 0.365812 0.12571
4 0.703507 0.374183 0.592986 0.30672 0.170703
4 0.706217 0.374552 0.587566 0.288191 0.297942
4 0.706217 0.374552 0.587566 0.288191 0.297942
1 0.313984 0.463418 0.595468 0.43742 0.116089
1 0.304847 0.472301 0.568652 0.38954 0.34628
1 0.304847 0.472301 0.568652 0.38954 0.34628
1 0.303836 0.461918 0.565441 0.353357 0.625112
1 0.303836 0.461918 0.565441 0.353357 0.625112 1
1 0.303156 0.441638 0.537696 0.340013 0.709103 1
1 0.307643 0.447002 0.558951 0.377898 0.25534 1
1 0.294552 0.421004 0.537635 0.346352 0.694682 1
1 0.297521 0.436619 0.552497 0.407195 0.284321 1
1 0.302562 0.411707 0.557331 0.349204 0.642881 1
4 0.761553 0.0959759 0.246987 0.167193 0.744614
1 0.319079 0.404458 0.56198 0.325697 0.591598 1
1 0.308094 0.436955 0.559675 0.386864 0.308613 1
1 0.301445 0.422066 0.543285 0.34432 0.441789 1
4 0.761979 0.0998435 0.247587 0.174758 0.723461
1 0.307287 0.416212 0.560153 0.316824 0.490624
1 0.307287 0.416212 0.560153 0.316824 0.490624
1 0.369681 0.413845 0.45788 0.313954 0.359512
1 0.369681 0.413845 0.45788 0.313954 0.359512
1 0.358457 0.425715 0.497159 0.317303 0.242315
1 0.315317 0.462148 0.568799 0.346017 0.399033
1 0.315317 0.462148 0.568799 0.346017 0.399033
1 0.315947 0.455739 0.578539 0.380239 0.231519
1 0.318731 0.497303 0.582138 0.475675 0.302808
1 0.318731 0.497303 0.582138 0.475675 0.302808
1 0.322519 0.484602 0.578128 0.420141 0.367947
1 0.322519 0.484602 0.578128 0.420141 0.367947
1 0.299828 0.473246 0.551495 0.366313 0.555182 1
1 0.302737 0.470245 0.569024 0.364199 0.274128 1
1 0.296996 0.458675 0.562357 0.323385 0.680542 1
1 0.300016 0.465433 0.567528 0.358343 0.253441 1
1 0.322933 0.444941 0.571747 0.346431 0.145297 1
4 0.762359 0.101131 0.248442 0.178314 0.64766
1 0.384264 0.446559 0.442674 0.334742 0.191709
