1 0.630862 0.352872 0.332262 0.22086 0.820984 1
1 0.658398 0.361774 0.400124 0.213565 0.525552 1
1 0.681049 0.397957 0.316767 0.199225 0.885685 1
1 0.69366 0.402744 0.351445 0.198809 0.850287 1
1 0.700522 0.375301 0.295066 0.186989 0.744632 1
1 0.71214 0.379656 0.30114 0.17577 0.297293 1
1 0.709021 0.405842 0.272104 0.185119 0.921401 1
1 0.717668 0.408501 0.292816 0.180518 0.886666 1
1 0.710615 0.407863 0.269711 0.187414 0.923905 1
1 0.719305 0.411716 0.288891 0.185523 0.938293 1
1 0.713972 0.381049 0.267706 0.183049 0.933662 1
1 0.722761 0.384604 0.281999 0.178805 0.312478 1
1 0.710589 0.371873 0.268815 0.181279 0.937358 1
1 0.719303 0.374747 0.288311 0.17941 0.899696 1
1 0.714307 0.349893 0.268109 0.183721 0.919042 1
4 0.7452 0.268885 0.251112 0.36216 0.825796 1
1 0.723345 0.307326 0.255971 0.273561 0.940612 1
1 0.728494 0.335787 0.274968 0.219757 0.855026 1
1 0.723029 0.28746 0.266064 0.198614 0.919632 1
3 0.736145 0.224878 0.273499 0.335141 0.804482 1
1 0.72283 0.229122 0.271909 0.26326 0.910809 1
4 0.741105 0.197927 0.268053 0.336336 0.899773 1
1 0.730344 0.215299 0.259793 0.254812 0.933257 1
4 0.740459 0.186199 0.27166 0.319392 0.946308 1
1 0.736771 0.191767 0.262095 0.248672 0.920459 1
4 0.747938 0.168796 0.257785 0.295103 0.909075 1
1 0.747151 0.190995 0.252912 0.230664 0.9032 1
4 0.754863 0.166037 0.251392 0.280428 0.925031 1
1 0.745542 0.211891 0.252268 0.231597 0.920094 1
4 0.752833 0.185064 0.251549 0.305277 0.768491 1
1 0.742869 0.230011 0.253329 0.241024 0.931944 1
3 0.747223 0.197041 0.259974 0.321017 0.770304 1
1 0.735392 0.243767 0.254095 0.252718 0.927844 1
4 0.747872 0.208529 0.255345 0.338821 0.852134 1
1 0.757498 0.244548 0.249068 0.241577 0.910297 1
4 0.758568 0.202855 0.247906 0.329681 0.747335 1
1 0.779993 0.253162 0.25091 0.244586 0.893838 1
4 0.769533 0.212035 0.250983 0.342022 0.850038 1
1 0.789425 0.269694 0.254665 0.25258 0.915174 1
1 0.824174 0.324024 0.261051 0.205783 0.934236 1
1 0.836454 0.346805 0.264656 0.195167 0.776065 1
4 0.758934 0.0793667 0.241481 0.143978 0.277584
1 0.864431 0.371126 0.26817 0.190291 0.902951 1
4 0.758915 0.0864033 0.240159 0.159543 0.276988
1 0.869445 0.357659 0.25767 0.190926 0.780137 1
1 0.87215 0.341344 0.25438 0.19044 0.90004 1
1 0.873262 0.319246 0.253233 0.186792 0.825518 1
1 0.872403 0.314498 0.249398 0.183163 0.937607 1
1 0.860645 0.301981 0.268673 0.181565 0.864407 1
1 0.856732 0.313113 0.259025 0.179575 0.9418 1
1 0.849176 0.317803 0.255561 0.180013 0.895996 1
1 0.840066 0.341738 0.261085 0.186518 0.929896 1
1 0.842331 0.342769 0.261236 0.19091 0.918882 1
1 0.845624 0.344606 0.260196 0.194445 0.909722 1
1 0.853403 0.348934 0.259031 0.193221 0.909133 1
4 0.758811 0.0833288 0.239856 0.150923 0.31982
1 0.852824 0.339497 0.266064 0.188808 0.907752 1
1 0.855521 0.324612 0.265671 0.187542 0.893271 1
1 0.858799 0.311926 0.266488 0.187056 0.922417 1
1 0.857453 0.314443 0.266955 0.182292 0.927034 1
1 0.856182 0.321137 0.265526 0.187102 0.921554 1
1 0.850789 0.330659 0.272913 0.198207 0.885598 1
1 0.853261 0.345506 0.267847 0.200029 0.888384 1
1 0.849697 0.359805 0.269698 0.208365 0.864275 1
1 0.848411 0.371167 0.276168 0.196301 0.861889 1
4 0.758739 0.0880773 0.239635 0.163083 0.566609
1 0.854852 0.373814 0.274198 0.191607 0.900169 1
1 0.859081 0.377226 0.264481 0.192359 0.896666 1
1 0.860414 0.375361 0.26204 0.191689 0.880236 1
4 0.758325 0.0878148 0.239038 0.16204 0.333845
1 0.862871 0.382108 0.268568 0.190986 0.803649 1
4 0.758452 0.0885115 0.239297 0.163637 0.474359
1 0.848772 0.412694 0.285922 0.19972 0.886047 1
4 0.758411 0.0920913 0.239436 0.169713 0.568875
1 0.810973 0.490747 0.371706 0.219295 0.468182
3 0.163775 0.697355 0.321096 0.605289 0.21443
1 0.810973 0.490747 0.371706 0.219295 0.468182
1 0.761919 0.874204 0.460027 0.251592 0.905379 1
3 0.626949 0.623929 0.741879 0.752142 0.197208
3 0.770119 0.619165 0.459762 0.723479 0.160775
3 0.629374 0.623919 0.733043 0.752163 0.153799
3 0.7707 0.621549 0.45851 0.727131 0.103307
3 0.631541 0.625109 0.727678 0.749782 0.150077
3 0.631814 0.625086 0.72565 0.749829 0.138427
3 0.630581 0.626088 0.728238 0.747824 0.14354
3 0.629289 0.626384 0.730458 0.747233 0.126274
3 0.627313 0.627228 0.734828 0.745543 0.12443
3 0.627643 0.628348 0.734598 0.743303 0.129913
3 0.629376 0.628223 0.730452 0.743554 0.109445
3 0.630554 0.628269 0.727655 0.743461 0.119132
