3 0.559246 0.5 0.881509 1 0.18045
3 0.559153 0.5 0.881693 1 0.172945
3 0.559232 0.5 0.881536 1 0.174072
3 0.559524 0.5 0.880952 1 0.175292
3 0.559231 0.5 0.881538 1 0.179893
3 0.558719 0.5 0.882562 1 0.155235
3 0.558827 0.5 0.882346 1 0.154331
3 0.558967 0.5 0.882067 1 0.1514
3 0.558049 0.5 0.883902 1 0.151025
3 0.558652 0.5 0.882696 1 0.148079
3 0.558087 0.5 0.883826 1 0.144028
3 0.558438 0.5 0.883124 1 0.118586
3 0.558205 0.5 0.88359 1 0.120176
3 0.558412 0.5 0.883175 1 0.116877
3 0.558409 0.5 0.883182 1 0.113214
3 0.558478 0.5 0.883045 1 0.117122
3 0.559199 0.5 0.881602 1 0.115571
3 0.558195 0.5 0.883609 1 0.110889
3 0.558527 0.5 0.882946 1 0.114691
3 0.558037 0.5 0.883926 1 0.114468
3 0.558327 0.5 0.883346 1 0.109822
3 0.558415 0.5 0.88317 1 0.11436
3 0.558812 0.5 0.882376 1 0.11113
