3 0.579965 0.34937 0.832816 0.698739 0.238158
3 0.721741 0.344793 0.540387 0.689587 0.143673
3 0.578002 0.359818 0.837326 0.719636 0.256424
3 0.72505 0.352962 0.533592 0.705924 0.138849
3 0.578002 0.359818 0.837326 0.719636 0.256424
3 0.579164 0.361998 0.834334 0.723996 0.263266
3 0.723875 0.354527 0.535623 0.709055 0.151392
3 0.579164 0.361998 0.834334 0.723996 0.263266
3 0.576331 0.371458 0.840904 0.742916 0.281474
3 0.726526 0.3629 0.530279 0.7258 0.147235
3 0.576331 0.371458 0.840904 0.742916 0.281474
3 0.575984 0.372738 0.841646 0.745475 0.283972
3 0.72734 0.363541 0.52874 0.727082 0.139546
3 0.575984 0.372738 0.841646 0.745475 0.283972
3 0.578705 0.360678 0.835558 0.721356 0.245072
3 0.722248 0.354363 0.539055 0.708726 0.146909
3 0.578172 0.35515 0.836934 0.710299 0.227938
3 0.722723 0.349473 0.53842 0.698946 0.130705
3 0.575495 0.369663 0.842698 0.739326 0.260452
3 0.725642 0.360916 0.532076 0.721832 0.141863
3 0.575495 0.369663 0.842698 0.739326 0.260452
3 0.577713 0.345673 0.837413 0.691346 0.216893
3 0.72237 0.341687 0.538923 0.683374 0.133906
3 0.577793 0.361551 0.836925 0.723101 0.230609
3 0.722397 0.354265 0.538118 0.70853 0.139127
3 0.580027 0.357693 0.833294 0.715385 0.220878
3 0.718914 0.350354 0.546135 0.700709 0.15408
3 0.577518 0.358012 0.838216 0.716025 0.253175
3 0.723709 0.351898 0.536291 0.703795 0.16062
3 0.577518 0.358012 0.838216 0.716025 0.253175
3 0.596795 0.351853 0.785789 0.703379 0.265024
3 0.596795 0.351853 0.785789 0.703379 0.265024
3 0.390518 0.335929 0.743517 0.659802 0.790414
3 0.391844 0.47666 0.742993 0.933809 0.570037
3 0.390518 0.335929 0.743517 0.659802 0.790414 1
3 0.0226829 0.138939 0.0451193 0.277877 0.185079
3 0.0863992 0.902465 0.16904 0.190298 0.169553
2 0.0205594 0.137589 0.0396377 0.275178 0.16952
3 0.0399488 0.895152 0.0754784 0.203983 0.13815
1 0.65295 0.364214 0.459062 0.420403 0.87716 1
1 0.652637 0.385824 0.474713 0.418924 0.932557 1
1 0.682891 0.391603 0.453814 0.311882 0.810882 1
4 0.76118 0.0867589 0.2455 0.164172 0.571776
1 0.704657 0.400925 0.423308 0.313675 0.899759 1
1 0.706634 0.404191 0.437026 0.31678 0.579119 1
1 0.700802 0.382509 0.420572 0.334378 0.914391 1
1 0.701931 0.36897 0.431349 0.30251 0.517579 1
1 0.688722 0.354263 0.420053 0.295382 0.91818 1
1 0.690709 0.361018 0.430439 0.301276 0.495667 1
1 0.689764 0.353079 0.417342 0.305512 0.928743 1
1 0.684724 0.366988 0.416178 0.340981 0.934093 1
1 0.690722 0.370383 0.432576 0.349485 0.29562 1
1 0.686148 0.374994 0.421591 0.348815 0.931701 1
1 0.690544 0.374869 0.430089 0.336426 0.700131 1
1 0.692284 0.369056 0.416918 0.354386 0.93214 1
1 0.694376 0.373259 0.43157 0.344128 0.619462 1
1 0.691082 0.36883 0.423096 0.350677 0.92427 1
1 0.693023 0.375379 0.439323 0.354562 0.602965 1
1 0.684016 0.415419 0.426636 0.382946 0.880232 1
1 0.688595 0.420411 0.441331 0.381953 0.733385 1
1 0.67728 0.464125 0.42911 0.375671 0.872843 1
1 0.694072 0.466051 0.462808 0.380341 0.286299 1
1 0.675928 0.445312 0.427278 0.308015 0.934961 1
4 0.761602 0.0839816 0.247227 0.157526 0.772628
1 0.673679 0.418166 0.413083 0.261094 0.924596 1
4 0.761451 0.0838845 0.247071 0.157889 0.71351
1 0.666501 0.400885 0.40899 0.253841 0.950203 1
1 0.673127 0.403925 0.426638 0.260514 0.250464 1
1 0.658991 0.381885 0.416994 0.259604 0.921094 1
1 0.666262 0.386573 0.430225 0.260214 0.812723 1
1 0.652322 0.376964 0.417156 0.263732 0.92024 1
1 0.656974 0.378569 0.432815 0.261819 0.618268 1
1 0.648185 0.372673 0.419957 0.26339 0.921416 1
1 0.65382 0.375022 0.432368 0.2663 0.60811 1
1 0.64123 0.363157 0.42699 0.270395 0.916794 1
1 0.643488 0.36634 0.439401 0.263943 0.261265 1
1 0.639435 0.373645 0.428298 0.272491 0.918735 1
1 0.640689 0.37646 0.434705 0.270591 0.503268 1
1 0.645061 0.377961 0.42566 0.271091 0.902309 1
1 0.64947 0.381225 0.434043 0.275631 0.585136 1
1 0.640538 0.354444 0.431246 0.269919 0.919317 1
1 0.643832 0.359037 0.434801 0.263537 0.552507 1
1 0.647739 0.376966 0.422457 0.297685 0.932735 1
1 0.651786 0.380452 0.435325 0.2952 0.765473 1
1 0.623439 0.369125 0.426776 0.292428 0.941062 1
1 0.621222 0.372333 0.432752 0.288469 0.869309 1
1 0.627954 0.364249 0.423758 0.292944 0.924326 1
1 0.632596 0.370211 0.435543 0.293773 0.636117 1
1 0.632171 0.325155 0.438073 0.275289 0.792445 1
4 0.76106 0.0851533 0.245182 0.162063 0.290126
1 0.590037 0.295397 0.431151 0.291499 0.891719 1
1 0.598367 0.297271 0.45019 0.292596 0.743989 1
1 0.622796 0.250003 0.431322 0.329139 0.922324 1
1 0.637314 0.233759 0.473769 0.380728 0.73458 1
1 0.620965 0.275866 0.458683 0.333772 0.925041 1
1 0.624051 0.247022 0.513127 0.397809 0.735317 1
1 0.638692 0.262377 0.480628 0.312711 0.644617 1
1 0.640462 0.273012 0.495741 0.296656 0.286938 1
2 0.0365954 0.102716 0.0654587 0.203156 0.676232
2 0.0365954 0.102716 0.0654587 0.203156 0.676232 7
1 0.64733 0.305432 0.436747 0.299975 0.872101 1
1 0.662135 0.266967 0.463164 0.395397 0.397577 1
1 0.672592 0.262198 0.434671 0.377012 0.230766 1
1 0.689824 0.246364 0.494534 0.435332 0.276979 1
3 0.709949 0.270397 0.542517 0.368263 0.673462 1
3 0.288094 0.933351 0.576187 0.133297 0.423266
3 0.288149 0.9299 0.576297 0.134453 0.561944
3 0.713833 0.526667 0.55582 0.878118 0.450385
3 0.583773 0.533116 0.832455 0.857146 0.216057
3 0.288149 0.9299 0.576297 0.134453 0.561944
3 0.713833 0.526667 0.55582 0.878118 0.450385
3 0.636017 0.537632 0.727966 0.824698 0.140134
3 0.311081 0.949225 0.549656 0.0995436 0.233533
3 0.631602 0.461402 0.736796 0.579098 0.159807
3 0.704989 0.375728 0.590022 0.322989 0.191059
3 0.708915 0.594936 0.576622 0.723048 0.762726 1
4 0.761628 0.0816429 0.246782 0.155461 0.327996
3 0.703606 0.572622 0.579793 0.674002 0.804697 1
3 0.710189 0.322943 0.56377 0.643965 0.357786
4 0.761459 0.0842408 0.245296 0.160394 0.260772
3 0.690127 0.537983 0.618627 0.706967 0.564705 1
3 0.694107 0.40023 0.611785 0.662447 0.520699 1
3 0.691325 0.429904 0.61735 0.608014 0.625146 1
3 0.69196 0.385593 0.608339 0.687173 0.462374 1
3 0.662566 0.564164 0.674869 0.734166 0.407307
3 0.662566 0.564164 0.674869 0.734166 0.407307
1 0.755312 0.315146 0.433351 0.309308 0.322209
3 0.560228 0.535102 0.843182 0.760465 0.162112
1 0.755312 0.315146 0.433351 0.309308 0.322209
1 0.765726 0.313898 0.431609 0.328901 0.914501 1
3 0.304691 0.937737 0.583801 0.124525 0.377493
1 0.770925 0.320891 0.410199 0.281148 0.768588 1
1 0.779845 0.307063 0.408068 0.280351 0.913449 1
3 0.315498 0.913425 0.630996 0.17089 0.300207
1 0.765899 0.31247 0.414791 0.289468 0.904113 1
1 0.769669 0.316002 0.415526 0.288345 0.888438 1
1 0.778086 0.313058 0.415691 0.315277 0.907206 1
1 0.777325 0.291797 0.417062 0.291017 0.774504 1
1 0.79432 0.280539 0.405964 0.28453 0.838109 1
1 0.77674 0.319872 0.407081 0.292655 0.759973 1
1 0.721785 0.353318 0.425306 0.277851 0.685996 1
1 0.726533 0.364095 0.423457 0.286412 0.880319 1
1 0.716271 0.366672 0.416246 0.275747 0.347278 1
1 0.744082 0.339768 0.414862 0.282592 0.653273 1
1 0.744107 0.340308 0.414516 0.281783 0.824689 1
1 0.728832 0.345048 0.416713 0.281073 0.803774 1
1 0.756533 0.338465 0.415019 0.293567 0.683511 1
3 0.0968095 0.165164 0.193219 0.322325 0.736005 9
1 0.742609 0.355234 0.413638 0.277786 0.676365 1
1 0.767582 0.31616 0.415666 0.283105 0.768195 1
1 0.772708 0.32017 0.409667 0.285993 0.812905 1
1 0.72951 0.347501 0.422984 0.278973 0.697693 1
1 0.72016 0.379498 0.429035 0.279408 0.511657 1
1 0.728328 0.383512 0.419131 0.301082 0.668599 1
1 0.723987 0.385691 0.417525 0.299198 0.348478 1
1 0.750756 0.338646 0.411216 0.312138 0.878159 1
3 0.121196 0.132658 0.239894 0.259976 0.412004
2 0.120958 0.108878 0.233504 0.217199 0.160632
3 0.121196 0.132658 0.239894 0.259976 0.412004
1 0.799432 0.249897 0.391798 0.282323 0.491492
1 0.799432 0.249897 0.391798 0.282323 0.491492
1 0.805599 0.232591 0.377125 0.290354 0.908647 1
3 0.300262 0.897745 0.600524 0.191996 0.600951
1 0.799287 0.269878 0.390314 0.306366 0.83415 1
1 0.796684 0.281437 0.396723 0.296358 0.805769 1
1 0.795357 0.335784 0.407472 0.269246 0.549389 1
1 0.779198 0.404772 0.424638 0.301639 0.778412 1
3 0.112767 0.188738 0.221091 0.361879 0.251951
1 0.779363 0.420741 0.441274 0.305545 0.819871 1
1 0.786565 0.36259 0.42687 0.295728 0.273766 1
3 0.122628 0.195743 0.243356 0.376212 0.768231 9
3 0.126285 0.201231 0.249365 0.397483 0.822375 9
3 0.168833 0.151897 0.287542 0.303793 0.654026 9
3 0.155833 0.690634 0.306255 0.618731 0.205833
1 0.7603 0.423956 0.401961 0.310754 0.914288 1
1 0.770727 0.290677 0.417611 0.321742 0.611515 1
2 0.102009 0.219664 0.199524 0.421729 0.367062
2 0.827332 0.654771 0.345336 0.510828 0.746714 1
4 0.761824 0.0921745 0.242117 0.175549 0.474728
2 0.141903 0.715939 0.278637 0.567854 0.296714
1 0.829913 0.716822 0.340174 0.396452 0.874073 1
3 0.127576 0.63864 0.255152 0.722721 0.707883 11
2 0.823681 0.712258 0.337744 0.411868 0.319335 1
3 0.109556 0.563891 0.219112 0.773436 0.125964 11
2 0.79442 0.62866 0.40848 0.367366 0.284787 1
3 0.114358 0.659082 0.222155 0.657624 0.77447 11
3 0.785338 0.607707 0.408386 0.42233 0.726205 1
1 0.463608 0.827975 0.604446 0.340543 0.29887
3 0.10505 0.0977686 0.207237 0.195284 0.128649
1 0.463608 0.827975 0.604446 0.340543 0.29887
