3 0.560279 0.570041 0.879443 0.859919 0.173589
2 0.807387 0.435852 0.384371 0.514873 0.589917
2 0.716816 0.432329 0.566284 0.50622 0.139193
2 0.807387 0.435852 0.384371 0.514873 0.589917
2 0.769806 0.355601 0.451241 0.514186 0.775566
2 0.769806 0.355601 0.451241 0.514186 0.775566 1
2 0.728058 0.297789 0.536204 0.537536 0.783774 1
2 0.697942 0.278185 0.59227 0.548501 0.765242 1
2 0.698956 0.313755 0.596295 0.627509 0.398499 1
2 0.67695 0.293026 0.637492 0.586052 0.719825 1
2 0.670656 0.349497 0.654437 0.698994 0.398353 1
2 0.668651 0.312229 0.649424 0.618483 0.635367 1
2 0.670376 0.302759 0.656253 0.579616 0.795046 1
2 0.679764 0.300487 0.640471 0.559181 0.737936 1
2 0.676877 0.347729 0.641729 0.675376 0.34041 1
2 0.693229 0.324953 0.611667 0.595477 0.493781 1
2 0.689907 0.322862 0.620186 0.56583 0.596844 1
2 0.682385 0.376 0.628266 0.714797 0.439657 1
2 0.706787 0.351926 0.579734 0.61521 0.383841 1
2 0.702122 0.353539 0.58712 0.673292 0.357968 1
2 0.698896 0.348427 0.59408 0.58775 0.489696 1
2 0.696478 0.343119 0.596317 0.550025 0.440683 1
2 0.692362 0.351073 0.60501 0.642147 0.58246 1
2 0.703173 0.339299 0.589848 0.585157 0.631276 1
2 0.693175 0.332575 0.605893 0.622503 0.775948 1
2 0.690023 0.33785 0.611084 0.574898 0.606081 1
2 0.684537 0.328109 0.623387 0.612975 0.846244 1
2 0.690633 0.362375 0.603679 0.579913 0.459896 1
2 0.698919 0.422939 0.586838 0.582187 0.247102 1
2 0.688234 0.327601 0.602372 0.535538 0.404518 1
2 0.681603 0.291738 0.632393 0.507679 0.567327 1
2 0.677377 0.277822 0.64129 0.49918 0.518255 1
2 0.680279 0.289209 0.627173 0.487825 0.369817 1
2 0.504912 0.0311048 0.303725 0.0540965 0.26412
2 0.684048 0.321654 0.612803 0.527763 0.264673
2 0.684048 0.321654 0.612803 0.527763 0.264673
2 0.597258 0.358846 0.786124 0.482582 0.13714
2 0.606238 0.355166 0.743799 0.501403 0.105456
2 0.591553 0.274832 0.802993 0.500284 0.182346
2 0.58597 0.285382 0.812029 0.508754 0.189449
2 0.580565 0.290569 0.830878 0.525042 0.168646
2 0.585126 0.285119 0.820874 0.534736 0.226654
2 0.71011 0.275846 0.566961 0.547471 0.119854
2 0.600794 0.289041 0.778636 0.548064 0.289539
2 0.600794 0.289041 0.778636 0.548064 0.289539
2 0.608564 0.304525 0.737488 0.523659 0.116025
2 0.69277 0.312782 0.605886 0.500397 0.186114
2 0.789193 0.31507 0.400109 0.489945 0.119311
2 0.685677 0.310135 0.62578 0.486695 0.438639
2 0.788573 0.310772 0.408714 0.479583 0.276769
2 0.685677 0.310135 0.62578 0.486695 0.438639
2 0.788573 0.310772 0.408714 0.479583 0.276769
2 0.702483 0.298882 0.592213 0.470483 0.413971
2 0.576332 0.299567 0.847336 0.472164 0.169527
2 0.803441 0.299516 0.387951 0.464954 0.115279
2 0.702483 0.298882 0.592213 0.470483 0.413971
2 0.784745 0.30692 0.4158 0.465874 0.356026
2 0.608365 0.312738 0.78327 0.480625 0.148671
2 0.784745 0.30692 0.4158 0.465874 0.356026
2 0.787354 0.321401 0.411022 0.464705 0.159775
2 0.689906 0.323959 0.620188 0.465349 0.132935
2 0.682088 0.345869 0.634534 0.471999 0.341477
2 0.772189 0.341924 0.441871 0.459642 0.13168
2 0.682088 0.345869 0.634534 0.471999 0.341477
