3 0.289518 0.275525 0.542589 0.371615 0.275867
3 0.314942 0.776255 0.61892 0.445144 0.14999
3 0.289518 0.275525 0.542589 0.371615 0.275867
3 0.315171 0.23848 0.581024 0.292048 0.279485
3 0.315171 0.23848 0.581024 0.292048 0.279485
3 0.295569 0.287352 0.528187 0.379093 0.531362
3 0.295569 0.287352 0.528187 0.379093 0.531362
3 0.306389 0.223978 0.589715 0.265254 0.204889
3 0.306081 0.222838 0.581051 0.25899 0.419224
3 0.306081 0.222838 0.581051 0.25899 0.419224
3 0.306069 0.225096 0.595488 0.262601 0.366098
3 0.306069 0.225096 0.595488 0.262601 0.366098
3 0.303924 0.222992 0.590072 0.255254 0.38555
3 0.31398 0.743381 0.576957 0.476816 0.191143
3 0.303924 0.222992 0.590072 0.255254 0.38555
3 0.309851 0.223656 0.589953 0.257279 0.179878
3 0.311121 0.278145 0.536999 0.369001 0.410237
3 0.311121 0.278145 0.536999 0.369001 0.410237
3 0.307271 0.274176 0.582638 0.350396 0.116214
3 0.318741 0.237834 0.569987 0.278714 0.261475
3 0.318741 0.237834 0.569987 0.278714 0.261475
3 0.308209 0.264054 0.574748 0.327979 0.273327
3 0.308209 0.264054 0.574748 0.327979 0.273327
3 0.311042 0.272019 0.567829 0.34595 0.472829
3 0.311042 0.272019 0.567829 0.34595 0.472829
3 0.31171 0.260354 0.554421 0.342517 0.150337
