2 0.71264 0.515215 0.57436 0.653144 0.823115 1
2 0.72781 0.5747 0.54438 0.686918 0.607435 1
3 0.658561 0.517386 0.677293 0.611363 0.326498 1
2 0.701608 0.531883 0.594363 0.621521 0.320534
2 0.701608 0.531883 0.594363 0.621521 0.320534
2 0.712222 0.496891 0.574155 0.620434 0.566771
2 0.712222 0.496891 0.574155 0.620434 0.566771
2 0.711495 0.42653 0.568439 0.635671 0.673321
2 0.711495 0.42653 0.568439 0.635671 0.673321 2
2 0.695964 0.428041 0.591932 0.632563 0.530388 2
2 0.673713 0.448678 0.626715 0.64937 0.465606 2
2 0.684002 0.513789 0.63014 0.723939 0.426048 2
2 0.67689 0.552834 0.639369 0.767981 0.337477 2
2 0.680594 0.557842 0.626867 0.783041 0.24142 2
2 0.68425 0.561939 0.624977 0.793368 0.358661 2
2 0.679513 0.541773 0.631811 0.784449 0.121598 2
2 0.689572 0.522358 0.620856 0.775047 0.282115 2
2 0.71319 0.520651 0.57362 0.684507 0.465825 2
2 0.695018 0.471794 0.609964 0.684858 0.212641 2
2 0.683683 0.42768 0.618185 0.757431 0.30445 2
2 0.702313 0.40871 0.559234 0.720066 0.384944 2
2 0.710815 0.429376 0.537273 0.628478 0.130588 2
2 0.710651 0.358368 0.553882 0.635484 0.409419 2
